# t_ps  r2_target_Ang  dist_Ang  force_kcal_per_mol_per_Ang  work_cum_kcal_per_mol
0.000000000000000000e+00 2.880000000000000071e+01 3.127384999999999948e+01 -3.562342999999999904e+01 0.000000000000000000e+00
1.000000000000014211e+01 2.885000000000000142e+01 3.038511000000000095e+01 -2.210559999999999903e+01 -1.396630000000000038e+00
1.999999999999957367e+01 2.889999999999999858e+01 3.008380000000000010e+01 -1.704674999999999940e+01 -2.384399999999999853e+00
2.999999999999971578e+01 2.894999999999999929e+01 2.989489999999999981e+01 -1.360655999999999999e+01 -3.201940000000000008e+00
3.999999999999985789e+01 2.900000000000000000e+01 2.994263000000000119e+01 -1.357393000000000072e+01 -3.842239999999999878e+00
5.000000000000000000e+01 2.905000000000000071e+01 2.951362999999999914e+01 -6.676239999999999952e+00 -4.377089999999999925e+00
6.000000000000014211e+01 2.910000000000000142e+01 2.966058999999999912e+01 -8.072449999999999903e+00 -4.759629999999999583e+00
6.999999999999957367e+01 2.914999999999999858e+01 2.965355999999999881e+01 -7.251219999999999999e+00 -5.073220000000000063e+00
7.999999999999971578e+01 2.919999999999999929e+01 2.970377999999999830e+01 -7.254389999999999894e+00 -5.494950000000000223e+00
8.999999999999985789e+01 2.925000000000000000e+01 2.978791999999999973e+01 -7.746100000000000207e+00 -5.894420000000000215e+00
1.000000000000000000e+02 2.930000000000000071e+01 3.004118000000000066e+01 -1.067296999999999940e+01 -6.329909999999999926e+00
1.100000000000001421e+02 2.935000000000000142e+01 2.956890999999999892e+01 -3.152289999999999814e+00 -6.645620000000000083e+00
1.199999999999995737e+02 2.939999999999999858e+01 2.947225999999999857e+01 -1.040550000000000086e+00 -6.766160000000000174e+00
1.299999999999997158e+02 2.944999999999999929e+01 2.953466999999999842e+01 -1.219189999999999996e+00 -6.826710000000000278e+00
1.399999999999998579e+02 2.950000000000000000e+01 2.977644000000000091e+01 -3.980789999999999829e+00 -6.961820000000000341e+00
1.500000000000000000e+02 2.955000000000000071e+01 2.958481000000000094e+01 -5.012199999999999989e-01 -7.055390000000000050e+00
1.600000000000001421e+02 2.960000000000000142e+01 2.966693000000000069e+01 -9.637900000000000356e-01 -7.134789999999999743e+00
1.699999999999995737e+02 2.964999999999999858e+01 2.965934000000000026e+01 -1.344599999999999962e-01 -7.105080000000000062e+00
1.799999999999997158e+02 2.969999999999999929e+01 2.953761000000000081e+01 2.338350000000000151e+00 -6.997869999999999813e+00
1.899999999999998579e+02 2.975000000000000000e+01 2.970576000000000150e+01 6.369899999999999451e-01 -6.911430000000000184e+00
2.000000000000000000e+02 2.980000000000000071e+01 2.988213000000000008e+01 -1.182679999999999954e+00 -6.868009999999999948e+00
2.100000000000001421e+02 2.985000000000000142e+01 2.990834999999999866e+01 -8.401999999999999469e-01 -6.917290000000000383e+00
2.199999999999995737e+02 2.989999999999999858e+01 3.008551999999999893e+01 -2.671419999999999906e+00 -7.049050000000000260e+00
2.299999999999997158e+02 2.994999999999999929e+01 2.970702999999999960e+01 3.498740000000000183e+00 -7.052889999999999660e+00
2.399999999999998579e+02 3.000000000000000000e+01 3.017378000000000071e+01 -2.502429999999999932e+00 -7.112129999999999619e+00
2.500000000000000000e+02 3.005000000000000071e+01 3.025545999999999935e+01 -2.958660000000000068e+00 -7.172959999999999781e+00
2.600000000000001137e+02 3.010000000000000142e+01 3.020100000000000051e+01 -1.454329999999999901e+00 -7.294929999999999914e+00
2.699999999999995453e+02 3.014999999999999858e+01 3.032919000000000054e+01 -2.580290000000000195e+00 -7.379500000000000171e+00
2.799999999999997158e+02 3.019999999999999929e+01 3.026963999999999899e+01 -1.002850000000000019e+00 -7.499889999999999723e+00
2.899999999999998295e+02 3.025000000000000000e+01 3.015874000000000166e+01 1.314200000000000035e+00 -7.527870000000000061e+00
3.000000000000000000e+02 3.030000000000000071e+01 3.053929000000000116e+01 -3.445819999999999883e+00 -7.538160000000000416e+00
3.100000000000001137e+02 3.035000000000000142e+01 3.048191999999999879e+01 -1.899659999999999904e+00 -7.728720000000000034e+00
3.199999999999995453e+02 3.039999999999999858e+01 3.035288999999999859e+01 6.784299999999999775e-01 -7.752469999999999750e+00
3.299999999999997158e+02 3.044999999999999929e+01 3.031754000000000104e+01 1.907419999999999893e+00 -7.717719999999999914e+00
3.399999999999998295e+02 3.050000000000000000e+01 3.047336999999999918e+01 3.835299999999999820e-01 -7.620589999999999975e+00
3.500000000000000000e+02 3.055000000000000071e+01 3.054690000000000083e+01 4.467000000000000137e-02 -7.618450000000000166e+00
3.600000000000001137e+02 3.060000000000000142e+01 3.053744000000000014e+01 9.008000000000000451e-01 -7.562839999999999563e+00
3.699999999999995453e+02 3.064999999999999858e+01 3.069028000000000134e+01 -5.799600000000000311e-01 -7.483740000000000059e+00
3.799999999999997158e+02 3.069999999999999929e+01 3.063084999999999880e+01 9.957500000000000240e-01 -7.436250000000000249e+00
3.899999999999998295e+02 3.075000000000000000e+01 3.040164000000000044e+01 5.016399999999999970e+00 -7.250070000000000014e+00
4.000000000000000000e+02 3.080000000000000071e+01 3.056263999999999825e+01 3.418039999999999967e+00 -7.048960000000000115e+00
4.100000000000001137e+02 3.085000000000000142e+01 3.066060999999999837e+01 2.727250000000000174e+00 -6.861410000000000231e+00
4.199999999999995453e+02 3.089999999999999858e+01 3.077881999999999962e+01 1.744979999999999976e+00 -6.756800000000000139e+00
4.299999999999997158e+02 3.094999999999999929e+01 3.066529999999999845e+01 4.099730000000000096e+00 -6.652790000000000425e+00
4.399999999999998295e+02 3.100000000000000000e+01 3.059093000000000018e+01 5.890609999999999680e+00 -6.418560000000000265e+00
4.500000000000000000e+02 3.105000000000000071e+01 3.090187999999999846e+01 2.132880000000000109e+00 -6.146589999999999776e+00
4.600000000000001137e+02 3.110000000000000142e+01 3.082873999999999981e+01 3.906159999999999854e+00 -5.997300000000000075e+00
4.699999999999995453e+02 3.114999999999999858e+01 3.059887000000000157e+01 7.936270000000000380e+00 -5.756619999999999848e+00
4.799999999999997158e+02 3.119999999999999929e+01 3.061537999999999826e+01 8.418490000000000251e+00 -5.342690000000000161e+00
4.899999999999998295e+02 3.125000000000000000e+01 3.103622999999999976e+01 3.078219999999999956e+00 -5.008770000000000167e+00
5.000000000000000000e+02 3.130000000000000071e+01 3.120938999999999908e+01 1.304810000000000025e+00 -4.845360000000000333e+00
5.100000000000001137e+02 3.135000000000000142e+01 3.091664000000000101e+01 6.240350000000000286e+00 -4.618780000000000108e+00
5.199999999999995453e+02 3.139999999999999858e+01 3.093298000000000059e+01 6.725120000000000431e+00 -4.256859999999999644e+00
5.299999999999996589e+02 3.144999999999999929e+01 3.107501999999999853e+01 5.399689999999999657e+00 -3.945209999999999884e+00
5.399999999999998863e+02 3.150000000000000000e+01 3.113363000000000014e+01 5.275660000000000238e+00 -3.644299999999999873e+00
5.500000000000000000e+02 3.155000000000000071e+01 3.111637999999999948e+01 6.244119999999999671e+00 -3.321289999999999853e+00
5.600000000000001137e+02 3.160000000000000142e+01 3.110181000000000040e+01 7.173910000000000231e+00 -3.003880000000000106e+00
5.699999999999995453e+02 3.164999999999999858e+01 3.148582000000000036e+01 2.364160000000000039e+00 -2.749089999999999812e+00
5.799999999999996589e+02 3.169999999999999929e+01 3.156084999999999852e+01 2.003719999999999946e+00 -2.628919999999999924e+00
5.899999999999998863e+02 3.175000000000000000e+01 3.153286999999999907e+01 3.126630000000000020e+00 -2.579569999999999919e+00
6.000000000000000000e+02 3.180000000000000071e+01 3.168077999999999861e+01 1.716730000000000089e+00 -2.468589999999999840e+00
6.100000000000001137e+02 3.185000000000000142e+01 3.166385000000000005e+01 2.680540000000000145e+00 -2.327020000000000088e+00
6.199999999999995453e+02 3.189999999999999858e+01 3.140927999999999898e+01 7.066390000000000171e+00 -2.127580000000000027e+00
6.299999999999996589e+02 3.194999999999999929e+01 3.140036999999999878e+01 7.914699999999999847e+00 -1.749589999999999979e+00
6.399999999999998863e+02 3.200000000000000000e+01 3.176188000000000144e+01 3.428869999999999862e+00 -1.443969999999999976e+00
6.499999999999993179e+02 3.204999999999999716e+01 3.191743999999999915e+01 1.908879999999999910e+00 -1.340940000000000021e+00
6.600000000000001137e+02 3.210000000000000142e+01 3.198295999999999850e+01 1.685300000000000020e+00 -1.237279999999999935e+00
6.699999999999995453e+02 3.214999999999999858e+01 3.184673000000000087e+01 4.367090000000000138e+00 -1.013789999999999969e+00
6.800000000000004547e+02 3.220000000000000284e+01 3.179757999999999996e+01 5.794800000000000395e+00 -7.966600000000000348e-01
6.899999999999998863e+02 3.225000000000000000e+01 3.201084000000000174e+01 3.443869999999999987e+00 -5.204699999999999882e-01
6.999999999999993179e+02 3.229999999999999716e+01 3.211478999999999928e+01 2.667069999999999830e+00 -3.956000000000000072e-01
7.100000000000001137e+02 3.235000000000000142e+01 3.193259000000000114e+01 6.010760000000000325e+00 -1.613499999999999934e-01
7.199999999999995453e+02 3.239999999999999858e+01 3.186186999999999969e+01 7.749060000000000059e+00 1.503800000000000137e-01
7.300000000000004547e+02 3.245000000000000284e+01 3.210656999999999783e+01 4.945429999999999993e+00 4.580199999999999827e-01
7.399999999999998863e+02 3.250000000000000000e+01 3.216356999999999999e+01 4.844619999999999926e+00 6.741399999999999615e-01
7.499999999999993179e+02 3.254999999999999716e+01 3.204352999999999696e+01 7.293180000000000440e+00 1.054929999999999923e+00
7.600000000000001137e+02 3.260000000000000142e+01 3.221359000000000350e+01 5.564320000000000377e+00 1.360530000000000017e+00
7.699999999999995453e+02 3.264999999999999858e+01 3.248017000000000110e+01 2.445590000000000153e+00 1.599979999999999958e+00
7.800000000000004547e+02 3.270000000000000284e+01 3.238824000000000325e+01 4.489359999999999573e+00 1.741740000000000066e+00
7.899999999999998863e+02 3.275000000000000000e+01 3.249887999999999977e+01 3.616109999999999935e+00 1.975109999999999921e+00
7.999999999999993179e+02 3.279999999999999716e+01 3.243529999999999802e+01 5.251710000000000100e+00 2.230280000000000040e+00
8.100000000000001137e+02 3.285000000000000142e+01 3.253598999999999819e+01 4.521709999999999674e+00 2.444929999999999826e+00
8.199999999999995453e+02 3.289999999999999858e+01 3.258767000000000280e+01 4.497609999999999886e+00 2.633599999999999941e+00
8.300000000000004547e+02 3.295000000000000284e+01 3.248716000000000292e+01 6.664909999999999890e+00 2.912840000000000096e+00
8.399999999999998863e+02 3.300000000000000000e+01 3.259866999999999848e+01 5.779139999999999944e+00 3.256810000000000205e+00
8.499999999999993179e+02 3.304999999999999716e+01 3.251276000000000010e+01 7.736250000000000071e+00 3.641799999999999926e+00
8.600000000000001137e+02 3.310000000000000142e+01 3.266543999999999670e+01 6.257690000000000197e+00 3.971859999999999946e+00
8.699999999999995453e+02 3.314999999999999858e+01 3.269823999999999842e+01 6.505399999999999849e+00 4.258390000000000342e+00
8.800000000000004547e+02 3.320000000000000284e+01 3.278143000000000029e+01 6.027389999999999581e+00 4.599370000000000402e+00
8.899999999999998863e+02 3.325000000000000000e+01 3.277976000000000312e+01 6.771499999999999631e+00 4.967789999999999928e+00
8.999999999999993179e+02 3.329999999999999716e+01 3.268945999999999685e+01 8.791729999999999379e+00 5.336899999999999977e+00
9.100000000000001137e+02 3.335000000000000142e+01 3.296564999999999657e+01 5.534650000000000070e+00 5.741340000000000110e+00
9.199999999999995453e+02 3.339999999999999858e+01 3.298049000000000319e+01 6.040939999999999976e+00 6.102400000000000269e+00
9.300000000000004547e+02 3.345000000000000284e+01 3.283549000000000007e+01 8.848929999999999296e+00 6.484890000000000043e+00
9.399999999999998863e+02 3.350000000000000000e+01 3.276489999999999725e+01 1.058544999999999980e+01 6.966380000000000017e+00
9.499999999999993179e+02 3.354999999999999716e+01 3.291591999999999985e+01 9.130810000000000315e+00 7.404349999999999987e+00
9.600000000000001137e+02 3.360000000000000142e+01 3.321009000000000100e+01 5.614749999999999908e+00 7.785029999999999895e+00
9.699999999999995453e+02 3.364999999999999858e+01 3.329216000000000264e+01 5.152890000000000192e+00 8.119360000000000355e+00
9.800000000000004547e+02 3.370000000000000284e+01 3.333688999999999680e+01 5.228830000000000311e+00 8.420690000000000452e+00
9.899999999999998863e+02 3.375000000000000000e+01 3.315532000000000323e+01 8.563390000000000057e+00 8.817019999999999413e+00
9.999999999999993179e+02 3.379999999999999716e+01 3.309837999999999880e+01 1.010328999999999944e+01 8.817019999999999413e+00
1.010000000000000114e+03 3.385000000000000142e+01 3.342204000000000264e+01 6.162679999999999936e+00 9.151289999999999480e+00
1.019999999999999545e+03 3.389999999999999858e+01 3.306414000000000186e+01 1.203641000000000005e+01 9.503699999999998482e+00
1.030000000000000455e+03 3.395000000000000284e+01 3.324633999999999645e+01 1.013274999999999970e+01 9.999919999999999476e+00
1.039999999999999773e+03 3.400000000000000000e+01 3.349425999999999704e+01 7.282619999999999649e+00 1.043790999999999869e+01
1.049999999999999318e+03 3.404999999999999716e+01 3.331036999999999892e+01 1.065071000000000012e+01 1.081646999999999892e+01
1.060000000000000227e+03 3.410000000000000142e+01 3.339900999999999698e+01 1.009425000000000061e+01 1.143674000000000035e+01
1.069999999999999545e+03 3.414999999999999858e+01 3.373610000000000042e+01 5.960200000000000387e+00 1.177387999999999835e+01
1.080000000000000455e+03 3.420000000000000284e+01 3.381951000000000107e+01 5.479090000000000238e+00 1.201849999999999952e+01
1.089999999999999773e+03 3.425000000000000000e+01 3.381517999999999802e+01 6.261420000000000208e+00 1.225874999999999915e+01
1.099999999999999318e+03 3.429999999999999716e+01 3.409450999999999965e+01 2.959020000000000206e+00 1.250523999999999880e+01
1.110000000000000227e+03 3.435000000000000142e+01 3.415330999999999761e+01 2.832409999999999872e+00 1.266697999999999880e+01
1.119999999999999545e+03 3.439999999999999858e+01 3.403732999999999720e+01 5.222489999999999633e+00 1.283888999999999925e+01
1.130000000000000455e+03 3.445000000000000284e+01 3.423071999999999804e+01 3.157570000000000210e+00 1.303359000000000023e+01
1.139999999999999773e+03 3.450000000000000000e+01 3.423901999999999646e+01 3.758070000000000022e+00 1.318643999999999927e+01
1.149999999999999318e+03 3.454999999999999716e+01 3.424799999999999756e+01 4.348790000000000155e+00 1.340152999999999928e+01
1.160000000000000227e+03 3.460000000000000142e+01 3.406508000000000180e+01 7.702910000000000146e+00 1.377918999999999983e+01
1.169999999999999545e+03 3.464999999999999858e+01 3.391246000000000294e+01 1.062057000000000073e+01 1.424352000000000018e+01
1.180000000000000455e+03 3.470000000000000284e+01 3.407898000000000138e+01 8.942619999999999791e+00 1.466012999999999877e+01
1.189999999999999773e+03 3.475000000000000000e+01 3.434628000000000014e+01 5.813570000000000348e+00 1.501553999999999967e+01
1.199999999999999318e+03 3.479999999999999716e+01 3.418928999999999974e+01 8.794200000000000017e+00 1.543064000000000036e+01
1.210000000000000227e+03 3.485000000000000142e+01 3.411986000000000274e+01 1.051399999999999935e+01 1.586509999999999820e+01
1.219999999999999545e+03 3.489999999999999858e+01 3.446414000000000044e+01 6.276430000000000398e+00 1.631739999999999924e+01
1.230000000000000455e+03 3.495000000000000284e+01 3.460766000000000275e+01 4.929700000000000415e+00 1.660006999999999877e+01
1.239999999999999773e+03 3.500000000000000000e+01 3.442730000000000246e+01 8.246909999999999741e+00 1.695338999999999885e+01
1.249999999999999318e+03 3.504999999999999716e+01 3.470125999999999777e+01 5.021849999999999703e+00 1.729598999999999975e+01
1.260000000000000227e+03 3.510000000000000142e+01 3.465986999999999796e+01 6.337810000000000166e+00 1.766503000000000156e+01
1.269999999999999545e+03 3.514999999999999858e+01 3.508867999999999654e+01 8.829399999999999471e-01 1.785624999999999929e+01
1.280000000000000455e+03 3.520000000000000284e+01 3.476100999999999885e+01 6.321439999999999948e+00 1.804579999999999984e+01
1.289999999999999773e+03 3.525000000000000000e+01 3.485081000000000273e+01 5.748310000000000031e+00 1.832186000000000092e+01
1.299999999999999318e+03 3.529999999999999716e+01 3.500730999999999682e+01 4.214710000000000178e+00 1.858136999999999972e+01
1.310000000000000227e+03 3.535000000000000142e+01 3.509662000000000148e+01 3.648620000000000196e+00 1.871739000000000175e+01
1.319999999999999545e+03 3.539999999999999858e+01 3.512337999999999738e+01 3.983270000000000088e+00 1.892300999999999789e+01
1.330000000000000455e+03 3.545000000000000284e+01 3.502539999999999765e+01 6.114289999999999559e+00 1.914721999999999724e+01
1.339999999999999773e+03 3.550000000000000000e+01 3.505066999999999666e+01 6.470329999999999693e+00 1.943305999999999756e+01
1.349999999999999318e+03 3.554999999999999716e+01 3.527922999999999831e+01 3.899129999999999985e+00 1.970814000000000021e+01
1.360000000000000227e+03 3.560000000000000142e+01 3.514477000000000118e+01 6.555299999999999905e+00 2.003063999999999822e+01
1.369999999999999545e+03 3.564999999999999858e+01 3.527450999999999937e+01 5.407079999999999664e+00 2.024860999999999933e+01
1.380000000000000455e+03 3.570000000000000284e+01 3.515323999999999671e+01 7.873370000000000424e+00 2.051525000000000176e+01
1.389999999999999773e+03 3.575000000000000000e+01 3.533688000000000073e+01 5.948979999999999713e+00 2.092830999999999975e+01
1.399999999999999318e+03 3.579999999999999716e+01 3.545120000000000005e+01 5.022730000000000139e+00 2.118975000000000009e+01
1.410000000000000000e+03 3.585000000000000142e+01 3.513421999999999912e+01 1.030725999999999942e+01 2.164016999999999769e+01
1.419999999999999545e+03 3.589999999999999858e+01 3.560253000000000156e+01 4.283579999999999721e+00 2.190853999999999857e+01
1.430000000000000455e+03 3.595000000000000284e+01 3.573172999999999888e+01 3.143089999999999939e+00 2.209671999999999770e+01
1.439999999999999773e+03 3.600000000000000000e+01 3.563351000000000113e+01 5.277449999999999974e+00 2.226520999999999972e+01
1.449999999999999318e+03 3.604999999999999716e+01 3.595457999999999998e+01 1.374030000000000085e+00 2.247211000000000070e+01
1.460000000000000000e+03 3.610000000000000142e+01 3.560911000000000115e+01 7.068850000000000300e+00 2.264358000000000004e+01
1.469999999999999545e+03 3.614999999999999858e+01 3.574497000000000213e+01 5.832440000000000069e+00 2.293847999999999843e+01
1.480000000000000455e+03 3.620000000000000284e+01 3.569648999999999717e+01 7.250530000000000364e+00 2.331266999999999712e+01
1.489999999999999773e+03 3.625000000000000000e+01 3.585229999999999961e+01 5.726860000000000284e+00 2.361032000000000153e+01
1.499999999999999318e+03 3.629999999999999716e+01 3.581745000000000090e+01 6.948780000000000179e+00 2.392877999999999972e+01
1.510000000000000000e+03 3.635000000000000142e+01 3.574752999999999759e+01 8.675530000000000186e+00 2.419883000000000095e+01
1.519999999999999545e+03 3.639999999999999858e+01 3.605906999999999840e+01 4.909460000000000157e+00 2.444610000000000127e+01
1.530000000000000455e+03 3.645000000000000284e+01 3.616015999999999764e+01 4.173739999999999561e+00 2.469258999999999915e+01
1.539999999999999773e+03 3.650000000000000000e+01 3.613418000000000063e+01 5.267859999999999765e+00 2.490991000000000000e+01
1.549999999999999318e+03 3.654999999999999716e+01 3.611449000000000353e+01 6.271379999999999733e+00 2.513756000000000057e+01
1.560000000000000000e+03 3.660000000000000142e+01 3.635224000000000188e+01 3.567730000000000068e+00 2.541018000000000043e+01
1.569999999999999545e+03 3.664999999999999858e+01 3.639052999999999827e+01 3.736299999999999955e+00 2.553051999999999921e+01
1.580000000000000455e+03 3.670000000000000284e+01 3.669693000000000183e+01 4.415999999999999787e-02 2.559132999999999925e+01
1.589999999999999773e+03 3.675000000000000000e+01 3.647344999999999970e+01 3.982380000000000031e+00 2.582868999999999815e+01
1.599999999999999318e+03 3.679999999999999716e+01 3.638235000000000241e+01 6.014140000000000263e+00 2.606090000000000018e+01
1.610000000000000000e+03 3.685000000000000142e+01 3.630380999999999858e+01 7.865090000000000359e+00 2.637749999999999773e+01
1.619999999999999545e+03 3.689999999999999858e+01 3.652566999999999808e+01 5.390410000000000146e+00 2.676116999999999990e+01
1.630000000000000455e+03 3.695000000000000284e+01 3.651601000000000141e+01 6.249469999999999636e+00 2.709725999999999857e+01
1.639999999999999773e+03 3.700000000000000000e+01 3.645255999999999830e+01 7.883099999999999774e+00 2.756577000000000055e+01
1.649999999999999318e+03 3.704999999999999716e+01 3.645335000000000036e+01 8.591829999999999856e+00 2.807462999999999909e+01
1.660000000000000000e+03 3.710000000000000142e+01 3.634400000000000119e+01 1.088645999999999958e+01 2.853139999999999787e+01
1.669999999999999545e+03 3.714999999999999858e+01 3.645524999999999949e+01 1.000439000000000078e+01 2.902328999999999937e+01
1.680000000000000455e+03 3.720000000000000284e+01 3.668860999999999706e+01 7.363999999999999879e+00 2.945479999999999876e+01
1.689999999999999773e+03 3.725000000000000000e+01 3.677313999999999794e+01 6.866799999999999571e+00 2.984492999999999796e+01
1.699999999999999318e+03 3.729999999999999716e+01 3.679811000000000121e+01 7.227179999999999715e+00 3.015616999999999948e+01
1.710000000000000000e+03 3.735000000000000142e+01 3.676661000000000001e+01 8.400819999999999510e+00 3.055559999999999832e+01
1.719999999999999545e+03 3.739999999999999858e+01 3.675122999999999962e+01 9.342269999999999186e+00 3.097339999999999804e+01
1.730000000000000455e+03 3.745000000000000284e+01 3.679899000000000342e+01 9.374499999999999389e+00 3.146016999999999797e+01
1.739999999999999773e+03 3.750000000000000000e+01 3.736265000000000214e+01 1.977850000000000108e+00 3.169802999999999926e+01
1.749999999999999318e+03 3.754999999999999716e+01 3.696842000000000183e+01 8.374719999999999942e+00 3.198056000000000054e+01
1.760000000000000000e+03 3.760000000000000142e+01 3.734394000000000347e+01 3.687190000000000190e+00 3.224528000000000105e+01
1.769999999999999545e+03 3.764999999999999858e+01 3.728529000000000337e+01 5.251820000000000377e+00 3.247091000000000349e+01
1.780000000000000455e+03 3.770000000000000284e+01 3.745452999999999832e+01 3.534710000000000019e+00 3.265134000000000469e+01
1.789999999999999773e+03 3.775000000000000000e+01 3.753405999999999665e+01 3.109510000000000218e+00 3.279541000000000395e+01
1.799999999999999318e+03 3.779999999999999716e+01 3.734940999999999889e+01 6.488509999999999778e+00 3.307088999999999857e+01
1.810000000000000000e+03 3.785000000000000142e+01 3.758498000000000161e+01 3.816320000000000157e+00 3.320176000000000016e+01
1.819999999999999545e+03 3.789999999999999858e+01 3.732238000000000255e+01 8.317729999999999180e+00 3.353640000000000043e+01
1.830000000000000455e+03 3.795000000000000284e+01 3.727940999999999860e+01 9.656510000000000815e+00 3.402030999999999494e+01
1.839999999999999773e+03 3.800000000000000000e+01 3.749423999999999779e+01 7.282989999999999853e+00 3.444044999999999845e+01
1.849999999999999318e+03 3.804999999999999716e+01 3.776113999999999749e+01 4.159580000000000055e+00 3.475978999999999530e+01
1.860000000000000000e+03 3.810000000000000142e+01 3.782303999999999888e+01 3.988239999999999785e+00 3.491455999999999449e+01
1.869999999999999545e+03 3.814999999999999858e+01 3.786211999999999733e+01 4.145480000000000054e+00 3.523274999999999579e+01
1.880000000000000455e+03 3.820000000000000284e+01 3.804457000000000022e+01 2.238129999999999953e+00 3.541867999999999483e+01
1.889999999999999773e+03 3.825000000000000000e+01 3.795580999999999960e+01 4.236369999999999969e+00 3.562349999999999994e+01
1.899999999999999318e+03 3.829999999999999716e+01 3.818612000000000251e+01 1.639869999999999939e+00 3.577918999999999983e+01
1.910000000000000000e+03 3.835000000000000142e+01 3.812527000000000044e+01 3.236079999999999846e+00 3.594386000000000081e+01
1.919999999999999545e+03 3.839999999999999858e+01 3.834660999999999831e+01 7.687899999999999734e-01 3.602147000000000077e+01
1.930000000000000455e+03 3.845000000000000284e+01 3.840724000000000160e+01 6.156899999999999595e-01 3.607742000000000360e+01
1.939999999999999773e+03 3.850000000000000000e+01 3.824575999999999709e+01 3.661049999999999915e+00 3.610387000000000057e+01
1.949999999999999318e+03 3.854999999999999716e+01 3.832961000000000240e+01 3.173599999999999977e+00 3.626026999999999845e+01
1.960000000000000000e+03 3.860000000000000142e+01 3.843184999999999718e+01 2.421419999999999906e+00 3.644689999999999941e+01
1.969999999999999545e+03 3.864999999999999858e+01 3.829979999999999762e+01 5.042900000000000382e+00 3.668007000000000062e+01
1.980000000000000455e+03 3.870000000000000284e+01 3.827096000000000231e+01 6.178189999999999849e+00 3.689047999999999661e+01
1.989999999999999773e+03 3.875000000000000000e+01 3.836135999999999768e+01 5.596350000000000158e+00 3.717472000000000065e+01
1.999999999999999318e+03 3.879999999999999716e+01 3.854686000000000234e+01 3.645280000000000076e+00 3.717472000000000065e+01
2.010000000000000000e+03 3.885000000000000142e+01 3.861771999999999849e+01 3.344869999999999788e+00 3.735585000000000377e+01
2.019999999999999545e+03 3.889999999999999858e+01 3.831277999999999651e+01 8.455959999999999255e+00 3.765982000000000340e+01
2.030000000000000455e+03 3.895000000000000284e+01 3.852557999999999794e+01 6.111659999999999648e+00 3.802978000000000236e+01
2.039999999999999773e+03 3.900000000000000000e+01 3.857793000000000205e+01 6.077869999999999884e+00 3.835208000000000084e+01
2.049999999999999091e+03 3.904999999999999716e+01 3.857683000000000106e+01 6.813710000000000377e+00 3.872697999999999752e+01
2.060000000000000000e+03 3.910000000000000142e+01 3.849631999999999721e+01 8.693059999999999121e+00 3.913060000000000116e+01
2.069999999999999545e+03 3.914999999999999858e+01 3.854795000000000016e+01 8.669579999999999842e+00 3.953235000000000099e+01
2.080000000000000455e+03 3.920000000000000284e+01 3.850601000000000340e+01 9.993420000000000414e+00 4.002956000000000358e+01
2.090000000000000000e+03 3.925000000000000000e+01 3.840079000000000065e+01 1.222860999999999976e+01 4.066282999999999959e+01
2.099999999999999091e+03 3.929999999999999716e+01 3.886699000000000126e+01 6.235400000000000276e+00 4.114688999999999908e+01
2.110000000000000000e+03 3.935000000000000142e+01 3.870651999999999759e+01 9.266090000000000160e+00 4.153744000000000369e+01
2.119999999999999545e+03 3.939999999999999858e+01 3.892293000000000092e+01 6.869790000000000063e+00 4.201903000000000077e+01
2.130000000000000455e+03 3.945000000000000284e+01 3.900451000000000334e+01 6.415099999999999802e+00 4.241429000000000116e+01
2.140000000000000000e+03 3.950000000000000000e+01 3.899698000000000064e+01 7.243479999999999919e+00 4.265615999999999985e+01
2.149999999999999091e+03 3.954999999999999716e+01 3.878607999999999834e+01 1.100043999999999933e+01 4.319655999999999807e+01
2.160000000000000000e+03 3.960000000000000142e+01 3.882784000000000191e+01 1.111917000000000044e+01 4.371258999999999872e+01
2.169999999999999545e+03 3.964999999999999858e+01 3.881886999999999688e+01 1.196832000000000029e+01 4.433724000000000132e+01
2.180000000000000455e+03 3.970000000000000284e+01 3.930143000000000342e+01 5.739440000000000097e+00 4.478625999999999863e+01
2.190000000000000000e+03 3.975000000000000000e+01 3.932923000000000258e+01 6.059110000000000440e+00 4.509496000000000038e+01
2.199999999999999091e+03 3.979999999999999716e+01 3.928506999999999749e+01 7.415009999999999657e+00 4.541752000000000322e+01
2.210000000000000000e+03 3.985000000000000142e+01 3.933371999999999957e+01 7.434459999999999624e+00 4.579158999999999935e+01
2.219999999999999545e+03 3.989999999999999858e+01 3.929397999999999769e+01 8.726699999999999235e+00 4.612174999999999869e+01
2.230000000000000455e+03 3.995000000000000284e+01 3.944127999999999901e+01 7.325619999999999798e+00 4.650039999999999907e+01
2.240000000000000000e+03 4.000000000000000000e+01 3.943366999999999933e+01 8.155110000000000525e+00 4.680396999999999963e+01
2.249999999999999091e+03 4.004999999999999716e+01 3.960249999999999915e+01 6.444009999999999572e+00 4.716463000000000250e+01
2.260000000000000000e+03 4.010000000000000142e+01 3.965346999999999866e+01 6.429969999999999963e+00 4.752240000000000464e+01
2.269999999999999545e+03 4.014999999999999858e+01 3.976373000000000246e+01 5.562310000000000088e+00 4.788045000000000329e+01
2.280000000000000455e+03 4.020000000000000284e+01 4.011173000000000144e+01 1.271039999999999948e+00 4.815861999999999910e+01
2.290000000000000000e+03 4.025000000000000000e+01 4.004028000000000276e+01 3.019950000000000134e+00 4.828233000000000175e+01
2.299999999999999091e+03 4.029999999999999716e+01 4.015055000000000263e+01 2.152060000000000084e+00 4.847131999999999863e+01
2.310000000000000000e+03 4.035000000000000142e+01 3.971822000000000230e+01 9.097680000000000433e+00 4.873273999999999972e+01
2.319999999999999545e+03 4.039999999999999858e+01 3.979538999999999760e+01 8.706340000000000856e+00 4.915108999999999639e+01
2.330000000000000455e+03 4.045000000000000284e+01 4.002781000000000233e+01 6.079480000000000217e+00 4.949114000000000146e+01
2.340000000000000000e+03 4.050000000000000000e+01 4.014621000000000350e+01 5.094630000000000436e+00 4.973288999999999760e+01
2.349999999999999091e+03 4.054999999999999716e+01 4.009317999999999671e+01 6.578260000000000218e+00 5.006875999999999749e+01
2.360000000000000000e+03 4.060000000000000142e+01 4.018189999999999884e+01 6.020620000000000083e+00 5.038286000000000087e+01
2.369999999999999545e+03 4.064999999999999858e+01 4.022144999999999726e+01 6.171079999999999899e+00 5.068068999999999846e+01
2.380000000000000455e+03 4.070000000000000284e+01 4.045378999999999792e+01 3.545420000000000016e+00 5.087762000000000029e+01
2.390000000000000000e+03 4.075000000000000000e+01 4.023127000000000209e+01 7.469769999999999577e+00 5.114782999999999902e+01
2.399999999999999091e+03 4.079999999999999716e+01 4.054281999999999897e+01 3.703370000000000051e+00 5.145391000000000048e+01
2.410000000000000000e+03 4.085000000000000142e+01 4.055901000000000067e+01 4.190269999999999939e+00 5.157824000000000098e+01
2.419999999999999545e+03 4.089999999999999858e+01 4.045631000000000199e+01 6.389179999999999637e+00 5.186932000000000187e+01
2.430000000000000455e+03 4.095000000000000284e+01 4.027315000000000111e+01 9.746570000000000178e+00 5.224388000000000432e+01
2.440000000000000000e+03 4.100000000000000000e+01 4.041259000000000157e+01 8.458650000000000446e+00 5.272717000000000098e+01
2.449999999999999091e+03 4.104999999999999716e+01 4.038297000000000025e+01 9.605169999999999320e+00 5.316008999999999673e+01
2.460000000000000000e+03 4.110000000000000142e+01 4.042549999999999955e+01 9.712730000000000530e+00 5.364914000000000271e+01
2.469999999999999545e+03 4.114999999999999858e+01 4.054899000000000342e+01 8.654600000000000293e+00 5.413208000000000197e+01
2.480000000000000455e+03 4.120000000000000284e+01 4.062991000000000241e+01 8.209329999999999572e+00 5.458783999999999992e+01
2.490000000000000000e+03 4.125000000000000000e+01 4.063530000000000086e+01 8.851679999999999993e+00 5.506747000000000014e+01
2.499999999999999091e+03 4.129999999999999716e+01 4.068252999999999986e+01 8.891550000000000509e+00 5.552031000000000205e+01
2.510000000000000000e+03 4.135000000000000142e+01 4.100169999999999959e+01 5.015559999999999796e+00 5.579563000000000272e+01
2.519999999999999545e+03 4.139999999999999858e+01 4.093569000000000102e+01 6.686079999999999579e+00 5.607647000000000048e+01
2.530000000000000455e+03 4.145000000000000284e+01 4.092831000000000330e+01 7.512340000000000018e+00 5.645663000000000409e+01
2.540000000000000000e+03 4.150000000000000000e+01 4.112619000000000113e+01 5.382799999999999585e+00 5.671385999999999683e+01
2.549999999999999091e+03 4.154999999999999716e+01 4.111914000000000158e+01 6.204410000000000203e+00 5.694554999999999723e+01
2.560000000000000000e+03 4.160000000000000142e+01 4.086974000000000018e+01 1.051572999999999958e+01 5.724170000000000158e+01
2.569999999999999545e+03 4.164999999999999858e+01 4.081537000000000148e+01 1.201866000000000057e+01 5.786401999999999646e+01
2.580000000000000455e+03 4.170000000000000284e+01 4.070112999999999914e+01 1.438372999999999990e+01 5.846528999999999598e+01
2.590000000000000000e+03 4.175000000000000000e+01 4.073413999999999646e+01 1.462832000000000043e+01 5.922083999999999548e+01
2.599999999999999091e+03 4.179999999999999716e+01 4.083568999999999960e+01 1.388601000000000063e+01 5.988868999999999687e+01
2.610000000000000000e+03 4.185000000000000142e+01 4.108127000000000351e+01 1.106971000000000060e+01 6.057784999999999798e+01
2.619999999999999545e+03 4.189999999999999858e+01 4.138197000000000259e+01 7.459579999999999878e+00 6.098067999999999955e+01
2.630000000000000455e+03 4.195000000000000284e+01 4.099696000000000140e+01 1.372372999999999976e+01 6.144501999999999953e+01
2.640000000000000000e+03 4.200000000000000000e+01 4.115583000000000169e+01 1.215607999999999933e+01 6.203716000000000008e+01
2.649999999999999091e+03 4.204999999999999716e+01 4.152593000000000245e+01 7.546660000000000146e+00 6.245996000000000237e+01
2.660000000000000000e+03 4.210000000000000142e+01 4.164831999999999823e+01 6.504220000000000113e+00 6.274591000000000207e+01
2.669999999999999545e+03 4.214999999999999858e+01 4.205763000000000318e+01 1.330100000000000060e+00 6.299575000000000102e+01
2.680000000000000455e+03 4.220000000000000284e+01 4.185381000000000284e+01 4.985070000000000334e+00 6.319705000000000439e+01
2.690000000000000000e+03 4.225000000000000000e+01 4.204518000000000200e+01 2.949429999999999996e+00 6.338715000000000543e+01
2.699999999999999091e+03 4.229999999999999716e+01 4.187805000000000177e+01 6.076030000000000264e+00 6.352436000000000149e+01
2.710000000000000000e+03 4.235000000000000142e+01 4.207305000000000206e+01 3.988039999999999807e+00 6.381163000000000096e+01
2.719999999999999545e+03 4.239999999999999858e+01 4.198456999999999795e+01 5.982260000000000133e+00 6.415568000000000382e+01
2.730000000000000455e+03 4.245000000000000284e+01 4.211540999999999713e+01 4.818089999999999762e+00 6.441858000000000573e+01
2.740000000000000000e+03 4.250000000000000000e+01 4.216360000000000241e+01 4.844120000000000203e+00 6.470936000000000377e+01
2.749999999999999091e+03 4.254999999999999716e+01 4.219062000000000268e+01 5.175019999999999953e+00 6.502734999999999843e+01
2.760000000000000000e+03 4.260000000000000142e+01 4.232166999999999746e+01 4.007909999999999862e+00 6.527438000000000784e+01
2.769999999999999545e+03 4.264999999999999858e+01 4.230474000000000245e+01 4.971799999999999997e+00 6.546175999999999817e+01
2.780000000000000455e+03 4.270000000000000284e+01 4.242931000000000097e+01 3.897920000000000051e+00 6.574152000000000839e+01
2.790000000000000000e+03 4.275000000000000000e+01 4.231956000000000273e+01 6.198269999999999946e+00 6.609270999999999674e+01
2.799999999999999091e+03 4.279999999999999716e+01 4.256616000000000355e+01 3.367259999999999920e+00 6.630496999999999730e+01
2.810000000000000000e+03 4.285000000000000142e+01 4.256750000000000256e+01 4.067960000000000242e+00 6.643538999999999817e+01
2.819999999999999545e+03 4.289999999999999858e+01 4.249016999999999911e+01 5.901510000000000034e+00 6.669015000000000271e+01
2.830000000000000455e+03 4.295000000000000284e+01 4.254646999999999935e+01 5.810870000000000424e+00 6.701283999999999708e+01
2.840000000000000000e+03 4.300000000000000000e+01 4.243193999999999733e+01 8.180030000000000356e+00 6.740483000000000402e+01
2.849999999999999091e+03 4.304999999999999716e+01 4.246851000000000198e+01 8.373509999999999565e+00 6.785222000000000264e+01
2.860000000000000000e+03 4.310000000000000142e+01 4.264813999999999794e+01 6.506780000000000008e+00 6.823290000000000077e+01
2.869999999999999545e+03 4.314999999999999858e+01 4.284743000000000279e+01 4.356939999999999813e+00 6.856179000000000201e+01
2.880000000000000455e+03 4.320000000000000284e+01 4.293737000000000137e+01 3.781839999999999868e+00 6.879335000000000377e+01
2.890000000000000000e+03 4.325000000000000000e+01 4.273649999999999949e+01 7.394389999999999574e+00 6.902783999999999764e+01
2.899999999999999091e+03 4.329999999999999716e+01 4.285242000000000218e+01 6.445159999999999556e+00 6.939515000000000100e+01
2.910000000000000000e+03 4.335000000000000142e+01 4.282415999999999912e+01 7.572040000000000326e+00 6.978292999999999324e+01
2.919999999999999545e+03 4.339999999999999858e+01 4.293316999999999695e+01 6.722380000000000244e+00 7.012148999999999432e+01
2.930000000000000455e+03 4.345000000000000284e+01 4.264292999999999978e+01 1.162174000000000085e+01 7.051071000000000311e+01
2.940000000000000000e+03 4.350000000000000000e+01 4.294917000000000229e+01 7.931949999999999612e+00 7.100700000000000500e+01
2.949999999999999091e+03 4.354999999999999716e+01 4.280011999999999972e+01 1.079832999999999998e+01 7.143415000000000248e+01
2.960000000000000000e+03 4.360000000000000142e+01 4.310007000000000232e+01 7.198929999999999829e+00 7.184291999999999234e+01
2.969999999999999545e+03 4.364999999999999858e+01 4.291114999999999924e+01 1.063949999999999996e+01 7.226412999999999442e+01
2.980000000000000455e+03 4.370000000000000284e+01 4.270606000000000080e+01 1.431269999999999953e+01 7.283783999999999992e+01
2.990000000000000000e+03 4.375000000000000000e+01 4.310293999999999670e+01 9.317600000000000549e+00 7.336115000000000919e+01
2.999999999999999091e+03 4.379999999999999716e+01 4.292544999999999789e+01 1.259354000000000084e+01 7.336115000000000919e+01
3.010000000000000000e+03 4.385000000000000142e+01 4.309253999999999962e+01 1.090736000000000061e+01 7.384363000000000454e+01
3.019999999999999545e+03 4.389999999999999858e+01 4.313866999999999763e+01 1.096316999999999986e+01 7.438934000000000424e+01
3.030000000000000455e+03 4.395000000000000284e+01 4.361641000000000190e+01 4.803659999999999819e+00 7.484457000000000448e+01
3.040000000000000000e+03 4.400000000000000000e+01 4.370891999999999911e+01 4.191620000000000346e+00 7.510750000000001592e+01
3.049999999999999091e+03 4.404999999999999716e+01 4.378802999999999912e+01 3.772419999999999884e+00 7.524437000000000353e+01
3.060000000000000000e+03 4.410000000000000142e+01 4.376406000000000063e+01 4.837509999999999977e+00 7.550244000000000710e+01
3.069999999999999545e+03 4.414999999999999858e+01 4.342311000000000121e+01 1.046716999999999942e+01 7.590511000000000763e+01
3.080000000000000455e+03 4.420000000000000284e+01 4.384899000000000058e+01 5.054610000000000269e+00 7.631514000000001374e+01
3.090000000000000000e+03 4.425000000000000000e+01 4.413309999999999889e+01 1.683389999999999942e+00 7.652078000000000202e+01
3.099999999999999091e+03 4.429999999999999716e+01 4.417591999999999786e+01 1.786810000000000009e+00 7.652298000000000400e+01
3.110000000000000000e+03 4.435000000000000142e+01 4.402156000000000091e+01 4.729549999999999699e+00 7.671813000000000216e+01
3.119999999999999545e+03 4.439999999999999858e+01 4.413521000000000072e+01 3.813009999999999788e+00 7.701607000000001335e+01
3.130000000000000455e+03 4.445000000000000284e+01 4.396045999999999765e+01 7.049310000000000187e+00 7.729721000000000686e+01
3.140000000000000000e+03 4.450000000000000000e+01 4.393039999999999878e+01 8.202270000000000394e+00 7.762672000000000594e+01
3.149999999999999091e+03 4.454999999999999716e+01 4.418057999999999907e+01 5.319630000000000081e+00 7.793170000000000641e+01
3.160000000000000000e+03 4.460000000000000142e+01 4.391183999999999799e+01 9.909459999999999269e+00 7.840220000000000766e+01
3.169999999999999545e+03 4.464999999999999858e+01 4.403987999999999658e+01 8.785690000000000666e+00 7.893502000000000862e+01
3.180000000000000455e+03 4.470000000000000284e+01 4.401252999999999815e+01 9.899570000000000647e+00 7.933285000000000764e+01
3.190000000000000000e+03 4.475000000000000000e+01 4.434962999999999766e+01 5.765259999999999607e+00 7.963803000000001475e+01
3.199999999999999091e+03 4.479999999999999716e+01 4.430796999999999741e+01 7.085219999999999629e+00 7.992673000000000627e+01
3.210000000000000000e+03 4.485000000000000142e+01 4.430275999999999925e+01 7.880320000000000213e+00 8.021251000000000886e+01
3.219999999999999545e+03 4.489999999999999858e+01 4.449611000000000161e+01 5.815949999999999953e+00 8.047994000000001336e+01
3.230000000000000455e+03 4.495000000000000284e+01 4.474727000000000032e+01 2.919280000000000097e+00 8.063916000000000395e+01
3.240000000000000000e+03 4.500000000000000000e+01 4.494993000000000194e+01 7.209999999999999742e-01 8.071807000000001153e+01
3.249999999999999091e+03 4.504999999999999716e+01 4.485470999999999719e+01 2.812180000000000124e+00 8.073797000000000423e+01
3.260000000000000000e+03 4.510000000000000142e+01 4.487366999999999706e+01 3.259079999999999977e+00 8.096220000000000994e+01
3.269999999999999545e+03 4.514999999999999858e+01 4.478867000000000331e+01 5.203149999999999942e+00 8.119113000000001534e+01
3.280000000000000455e+03 4.520000000000000284e+01 4.519355000000000189e+01 9.284000000000000585e-02 8.135277000000000669e+01
3.290000000000000000e+03 4.525000000000000000e+01 4.530633000000000266e+01 -8.111899999999999666e-01 8.136848000000000525e+01
3.299999999999999091e+03 4.529999999999999716e+01 4.526859999999999928e+01 4.521899999999999809e-01 8.138163000000000125e+01
3.310000000000000000e+03 4.535000000000000142e+01 4.536285000000000167e+01 -1.849899999999999878e-01 8.137393000000000143e+01
3.319999999999999545e+03 4.539999999999999858e+01 4.530494000000000199e+01 1.368910000000000071e+00 8.138320000000001642e+01
3.330000000000000455e+03 4.545000000000000284e+01 4.528005999999999887e+01 2.447150000000000158e+00 8.152065000000000339e+01
3.340000000000000000e+03 4.550000000000000000e+01 4.528175999999999846e+01 3.142609999999999904e+00 8.174423000000001593e+01
3.349999999999999091e+03 4.554999999999999716e+01 4.528083000000000169e+01 3.876050000000000217e+00 8.189192000000001315e+01
3.360000000000000000e+03 4.560000000000000142e+01 4.542526000000000153e+01 2.516270000000000007e+00 8.202249000000000478e+01
3.369999999999999545e+03 4.564999999999999858e+01 4.533941999999999695e+01 4.472369999999999735e+00 8.217726000000000397e+01
3.380000000000000455e+03 4.570000000000000284e+01 4.550670999999999822e+01 2.783420000000000005e+00 8.228274000000000399e+01
3.390000000000000000e+03 4.575000000000000000e+01 4.564934000000000225e+01 1.449449999999999905e+00 8.240646000000000981e+01
3.399999999999999091e+03 4.579999999999999716e+01 4.574689999999999657e+01 7.646800000000000264e-01 8.251677000000000817e+01
3.410000000000000000e+03 4.585000000000000142e+01 4.587617999999999796e+01 -3.770200000000000218e-01 8.263774000000000797e+01
3.419999999999999545e+03 4.589999999999999858e+01 4.607569999999999766e+01 -2.530060000000000198e+00 8.262920000000001153e+01
3.430000000000000455e+03 4.595000000000000284e+01 4.589260999999999768e+01 8.264599999999999724e-01 8.265574000000000865e+01
3.440000000000000000e+03 4.600000000000000000e+01 4.620806000000000324e+01 -2.995999999999999996e+00 8.258986000000001582e+01
3.449999999999999091e+03 4.604999999999999716e+01 4.589817000000000036e+01 2.186389999999999834e+00 8.252947000000000344e+01
3.460000000000000000e+03 4.610000000000000142e+01 4.614305999999999841e+01 -6.200599999999999445e-01 8.262567000000001372e+01
3.469999999999999545e+03 4.614999999999999858e+01 4.627835999999999927e+01 -1.848340000000000094e+00 8.267337000000000558e+01
3.480000000000000455e+03 4.620000000000000284e+01 4.613976000000000255e+01 8.675199999999999578e-01 8.269661000000000683e+01
3.490000000000000000e+03 4.625000000000000000e+01 4.630317999999999756e+01 -7.657399999999999762e-01 8.273292000000000712e+01
3.499999999999999091e+03 4.629999999999999716e+01 4.634302000000000277e+01 -6.194399999999999906e-01 8.279891000000000645e+01
3.510000000000000000e+03 4.635000000000000142e+01 4.649287999999999954e+01 -2.057459999999999845e+00 8.276116000000000383e+01
3.519999999999999545e+03 4.639999999999999858e+01 4.628070000000000306e+01 1.717889999999999917e+00 8.266754000000000246e+01
3.530000000000000455e+03 4.645000000000000284e+01 4.609619000000000000e+01 5.094929999999999737e+00 8.275584000000000628e+01
3.540000000000000000e+03 4.650000000000000000e+01 4.573758000000000123e+01 1.097891000000000084e+01 8.309430000000000405e+01
3.549999999999999091e+03 4.654999999999999716e+01 4.604299999999999926e+01 7.300819999999999865e+00 8.344754000000000360e+01
3.560000000000000000e+03 4.660000000000000142e+01 4.620759000000000327e+01 5.650699999999999612e+00 8.372194000000000358e+01
3.569999999999999545e+03 4.664999999999999858e+01 4.641581000000000046e+01 3.372370000000000090e+00 8.397819000000001211e+01
3.580000000000000455e+03 4.670000000000000284e+01 4.624372000000000327e+01 6.570450000000000124e+00 8.421951000000001386e+01
3.590000000000000000e+03 4.675000000000000000e+01 4.663797999999999888e+01 1.613050000000000095e+00 8.448418000000000916e+01
3.599999999999999091e+03 4.679999999999999716e+01 4.681045999999999907e+01 -1.506800000000000084e-01 8.453575000000000728e+01
3.610000000000000000e+03 4.685000000000000142e+01 4.687183000000000277e+01 -3.143500000000000183e-01 8.449683000000001698e+01
3.619999999999999545e+03 4.689999999999999858e+01 4.680042000000000257e+01 1.433950000000000058e+00 8.452280000000000371e+01
3.630000000000000455e+03 4.695000000000000284e+01 4.682448000000000121e+01 1.807460000000000067e+00 8.468710000000001514e+01
3.640000000000000000e+03 4.700000000000000000e+01 4.688161000000000200e+01 1.704839999999999911e+00 8.483816000000001623e+01
3.649999999999999091e+03 4.704999999999999716e+01 4.716398999999999830e+01 -1.641480000000000050e+00 8.484233000000000402e+01
3.660000000000000000e+03 4.710000000000000142e+01 4.676393000000000200e+01 4.839369999999999727e+00 8.477592000000001349e+01
3.669999999999999545e+03 4.714999999999999858e+01 4.688197000000000259e+01 3.859560000000000102e+00 8.483439000000001329e+01
3.680000000000000455e+03 4.720000000000000284e+01 4.707231999999999772e+01 1.838610000000000078e+00 8.494401000000000579e+01
3.690000000000000000e+03 4.725000000000000000e+01 4.711558000000000135e+01 1.935650000000000093e+00 8.499500000000000455e+01
3.699999999999999091e+03 4.729999999999999716e+01 4.706873999999999825e+01 3.330210000000000115e+00 8.515001000000000886e+01
3.710000000000000000e+03 4.735000000000000142e+01 4.712792999999999921e+01 3.197869999999999990e+00 8.533286000000001081e+01
3.719999999999999545e+03 4.739999999999999858e+01 4.761430000000000007e+01 -3.085980000000000167e+00 8.530301000000001466e+01
3.730000000000000455e+03 4.745000000000000284e+01 4.731965999999999894e+01 1.876970000000000027e+00 8.534955000000000780e+01
3.740000000000000000e+03 4.750000000000000000e+01 4.720725000000000193e+01 4.215569999999999595e+00 8.552800000000000580e+01
3.749999999999999091e+03 4.754999999999999716e+01 4.729222000000000037e+01 3.712009999999999810e+00 8.572704000000001656e+01
3.760000000000000000e+03 4.760000000000000142e+01 4.729793000000000092e+01 4.349739999999999718e+00 8.590840000000001453e+01
3.769999999999999545e+03 4.764999999999999858e+01 4.756042999999999665e+01 1.289760000000000018e+00 8.593942000000001258e+01
3.780000000000000455e+03 4.770000000000000284e+01 4.768422999999999945e+01 2.270600000000000118e-01 8.592498000000000502e+01
3.790000000000000000e+03 4.775000000000000000e+01 4.773344999999999771e+01 2.382499999999999896e-01 8.596995000000001141e+01
3.799999999999999091e+03 4.779999999999999716e+01 4.791268000000000171e+01 -1.622579999999999911e+00 8.587764000000001374e+01
3.810000000000000000e+03 4.785000000000000142e+01 4.788732000000000255e+01 -5.374700000000000033e-01 8.580758000000000152e+01
3.819999999999999545e+03 4.789999999999999858e+01 4.797249000000000052e+01 -1.043879999999999919e+00 8.585186000000001627e+01
3.830000000000000455e+03 4.795000000000000284e+01 4.778936999999999813e+01 2.313120000000000065e+00 8.592366000000001236e+01
3.840000000000000000e+03 4.800000000000000000e+01 4.772619000000000256e+01 3.942849999999999966e+00 8.605517000000000394e+01
3.849999999999999091e+03 4.804999999999999716e+01 4.762160999999999689e+01 6.168750000000000178e+00 8.622103000000001316e+01
3.860000000000000000e+03 4.810000000000000142e+01 4.778276999999999930e+01 4.568120000000000402e+00 8.644395000000001517e+01
3.869999999999999545e+03 4.814999999999999858e+01 4.800520000000000209e+01 2.085049999999999848e+00 8.659393000000001450e+01
3.880000000000000455e+03 4.820000000000000284e+01 4.804491999999999763e+01 2.233119999999999994e+00 8.676966000000001600e+01
3.890000000000000000e+03 4.825000000000000000e+01 4.802837999999999852e+01 3.191310000000000091e+00 8.694733000000000800e+01
3.899999999999999091e+03 4.829999999999999716e+01 4.828126999999999924e+01 2.696600000000000108e-01 8.704082000000001074e+01
3.910000000000000000e+03 4.835000000000000142e+01 4.820089000000000112e+01 2.147250000000000103e+00 8.721183000000000618e+01
3.919999999999999545e+03 4.839999999999999858e+01 4.840411999999999892e+01 -5.936000000000000304e-02 8.723328000000000770e+01
3.930000000000000455e+03 4.845000000000000284e+01 4.831165000000000020e+01 1.992189999999999905e+00 8.722643000000000768e+01
3.940000000000000000e+03 4.850000000000000000e+01 4.817528999999999684e+01 4.675799999999999734e+00 8.729366000000001691e+01
3.949999999999999091e+03 4.854999999999999716e+01 4.843363000000000085e+01 1.675729999999999942e+00 8.750775000000001569e+01
3.960000000000000000e+03 4.860000000000000142e+01 4.874911999999999779e+01 -2.147349999999999870e+00 8.753410000000000935e+01
3.969999999999999545e+03 4.864999999999999858e+01 4.888846999999999809e+01 -3.434019999999999850e+00 8.739176000000000499e+01
3.980000000000000455e+03 4.870000000000000284e+01 4.863485000000000014e+01 9.381300000000000194e-01 8.739057000000001096e+01
3.990000000000000000e+03 4.875000000000000000e+01 4.875643000000000171e+01 -9.264000000000000012e-02 8.750659000000001697e+01
3.999999999999999091e+03 4.879999999999999716e+01 4.872560000000000002e+01 1.071299999999999919e+00 8.750659000000001697e+01
4.010000000000000000e+03 4.885000000000000142e+01 4.876194000000000273e+01 1.268000000000000016e+00 8.753752000000001487e+01
4.019999999999999545e+03 4.889999999999999858e+01 4.886538999999999788e+01 4.983400000000000052e-01 8.754261000000001047e+01
4.030000000000000455e+03 4.895000000000000284e+01 4.873174000000000206e+01 3.142939999999999845e+00 8.765844000000001301e+01
4.040000000000000000e+03 4.900000000000000000e+01 4.893099000000000132e+01 9.937300000000000022e-01 8.776060000000001082e+01
4.049999999999999091e+03 4.904999999999999716e+01 4.884308000000000050e+01 2.979600000000000026e+00 8.791314000000001272e+01
4.060000000000000000e+03 4.910000000000000142e+01 4.873913999999999902e+01 5.196399999999999686e+00 8.810430000000002337e+01
4.069999999999999545e+03 4.914999999999999858e+01 4.925348000000000326e+01 -1.490119999999999889e+00 8.819438000000002376e+01
4.080000000000000455e+03 4.920000000000000284e+01 4.885649000000000086e+01 4.946480000000000210e+00 8.823421000000001868e+01
4.090000000000000000e+03 4.925000000000000000e+01 4.884754000000000218e+01 5.795449999999999768e+00 8.843814000000001840e+01
4.099999999999999091e+03 4.929999999999999716e+01 4.874956999999999852e+01 7.926249999999999574e+00 8.873467000000002258e+01
4.110000000000000000e+03 4.935000000000000142e+01 4.912939999999999685e+01 3.176670000000000105e+00 8.902541000000002214e+01
4.119999999999999091e+03 4.939999999999999858e+01 4.932376000000000005e+01 1.097930000000000073e+00 8.916669000000001688e+01
4.130000000000000000e+03 4.945000000000000284e+01 4.942078000000000060e+01 4.208299999999999819e-01 8.924991000000001407e+01
4.140000000000000000e+03 4.950000000000000000e+01 4.969659999999999656e+01 -2.831100000000000172e+00 8.915614000000002193e+01
4.149999999999999091e+03 4.954999999999999716e+01 4.969941000000000031e+01 -2.151489999999999903e+00 8.893544000000001404e+01
4.160000000000000000e+03 4.960000000000000142e+01 4.960788999999999760e+01 -1.135499999999999982e-01 8.889777000000002261e+01
4.169999999999999091e+03 4.964999999999999858e+01 4.965532000000000323e+01 -7.664999999999999591e-02 8.890127000000001090e+01
4.180000000000000000e+03 4.970000000000000284e+01 4.960054000000000229e+01 1.432220000000000049e+00 8.890559000000001788e+01
4.190000000000000000e+03 4.975000000000000000e+01 4.996822000000000230e+01 -3.142310000000000159e+00 8.882330000000001746e+01
4.199999999999999091e+03 4.979999999999999716e+01 5.019001999999999697e+01 -5.616349999999999731e+00 8.849955000000001348e+01
4.210000000000000000e+03 4.985000000000000142e+01 4.980140999999999707e+01 6.996700000000000141e-01 8.831938000000002376e+01
4.219999999999999091e+03 4.989999999999999858e+01 4.988947999999999894e+01 1.514900000000000135e-01 8.832355000000001155e+01
4.230000000000000000e+03 4.995000000000000284e+01 4.986878999999999706e+01 1.169419999999999904e+00 8.848934000000001276e+01
4.240000000000000000e+03 5.000000000000000000e+01 4.987310999999999694e+01 1.827190000000000092e+00 8.858945000000001357e+01
4.249999999999999091e+03 5.004999999999999716e+01 4.990017999999999887e+01 2.157410000000000050e+00 8.868133000000001687e+01
4.260000000000000000e+03 5.010000000000000142e+01 4.983176000000000272e+01 3.862709999999999866e+00 8.889218000000001041e+01
4.269999999999999091e+03 5.014999999999999858e+01 5.011825000000000330e+01 4.572599999999999998e-01 8.908576000000002182e+01
4.280000000000000000e+03 5.020000000000000284e+01 4.989607000000000170e+01 4.376590000000000202e+00 8.919754000000001781e+01
4.290000000000000000e+03 5.025000000000000000e+01 5.017678999999999689e+01 1.054270000000000040e+00 8.933630000000002269e+01
4.299999999999999091e+03 5.029999999999999716e+01 5.028114000000000061e+01 2.716199999999999726e-01 8.939376000000001454e+01
4.310000000000000000e+03 5.035000000000000142e+01 5.053027000000000157e+01 -2.595909999999999940e+00 8.930244000000001847e+01
4.319999999999999091e+03 5.039999999999999858e+01 5.004626999999999981e+01 5.093650000000000233e+00 8.938167000000001394e+01
4.330000000000000000e+03 5.045000000000000284e+01 5.013756999999999664e+01 4.499060000000000059e+00 8.961376000000001341e+01
4.340000000000000000e+03 5.050000000000000000e+01 5.038006000000000029e+01 1.727190000000000003e+00 8.974026000000002057e+01
4.349999999999999091e+03 5.054999999999999716e+01 5.065650999999999726e+01 -1.533740000000000103e+00 8.971111000000001923e+01
4.360000000000000000e+03 5.060000000000000142e+01 5.059859999999999758e+01 2.016000000000000084e-02 8.971421000000002266e+01
4.369999999999999091e+03 5.064999999999999858e+01 5.051158999999999821e+01 1.993170000000000108e+00 8.978689000000001386e+01
4.380000000000000000e+03 5.070000000000000284e+01 5.056683000000000305e+01 1.917580000000000062e+00 8.985839000000001420e+01
4.390000000000000000e+03 5.075000000000000000e+01 5.092101000000000255e+01 -2.462600000000000122e+00 8.999968000000001211e+01
4.399999999999999091e+03 5.079999999999999716e+01 5.087588999999999828e+01 -1.092819999999999903e+00 8.998983000000001198e+01
4.410000000000000000e+03 5.085000000000000142e+01 5.108252000000000237e+01 -3.348310000000000120e+00 8.985765000000002090e+01
4.419999999999999091e+03 5.089999999999999858e+01 5.076187999999999789e+01 1.988879999999999981e+00 8.990817000000001258e+01
4.430000000000000000e+03 5.095000000000000284e+01 5.103708000000000311e+01 -1.253929999999999989e+00 8.998595000000001676e+01
4.440000000000000000e+03 5.100000000000000000e+01 5.088044000000000011e+01 1.721600000000000019e+00 9.009700000000002262e+01
4.449999999999999091e+03 5.104999999999999716e+01 5.091134999999999877e+01 1.996559999999999890e+00 9.024365000000001658e+01
4.460000000000000000e+03 5.110000000000000142e+01 5.112991000000000241e+01 -4.307400000000000118e-01 9.027314000000001215e+01
4.469999999999999091e+03 5.114999999999999858e+01 5.160688999999999993e+01 -6.579229999999999912e+00 9.011888000000001853e+01
4.480000000000000000e+03 5.120000000000000284e+01 5.124568000000000012e+01 -6.577300000000000368e-01 8.996784000000002379e+01
4.490000000000000000e+03 5.125000000000000000e+01 5.137196999999999747e+01 -1.756410000000000027e+00 8.999372000000001037e+01
4.499999999999999091e+03 5.129999999999999716e+01 5.124795000000000300e+01 7.495500000000000496e-01 8.999034000000001754e+01
4.510000000000000000e+03 5.135000000000000142e+01 5.138282000000000238e+01 -4.726600000000000246e-01 8.999236000000001923e+01
4.519999999999999091e+03 5.139999999999999858e+01 5.128493000000000279e+01 1.656989999999999963e+00 9.007024000000001251e+01
4.530000000000000000e+03 5.145000000000000284e+01 5.122668999999999784e+01 3.215689999999999937e+00 9.023912000000001399e+01
4.540000000000000000e+03 5.150000000000000000e+01 5.153811000000000320e+01 -5.487300000000000511e-01 9.025072000000001538e+01
4.549999999999999091e+03 5.154999999999999716e+01 5.142737000000000336e+01 1.765919999999999934e+00 9.029451000000001670e+01
4.560000000000000000e+03 5.160000000000000142e+01 5.136254999999999882e+01 3.419340000000000046e+00 9.030308000000002266e+01
4.569999999999999091e+03 5.164999999999999858e+01 5.157356999999999658e+01 1.100540000000000074e+00 9.043917000000001849e+01
4.580000000000000000e+03 5.170000000000000284e+01 5.186019999999999897e+01 -2.306820000000000093e+00 9.053312000000001092e+01
4.590000000000000000e+03 5.175000000000000000e+01 5.129959999999999809e+01 6.485730000000000217e+00 9.076639000000001545e+01
4.599999999999999091e+03 5.179999999999999716e+01 5.140097999999999701e+01 5.745840000000000281e+00 9.114111000000001184e+01
4.610000000000000000e+03 5.185000000000000142e+01 5.154930999999999841e+01 4.330000000000000071e+00 9.149076000000002296e+01
4.619999999999999091e+03 5.189999999999999858e+01 5.172269000000000005e+01 2.553230000000000111e+00 9.168965000000001453e+01
4.630000000000000000e+03 5.195000000000000284e+01 5.197934000000000054e+01 -4.224899999999999767e-01 9.169970000000002130e+01
4.640000000000000000e+03 5.200000000000000000e+01 5.201574000000000098e+01 -2.266100000000000059e-01 9.180607000000001960e+01
4.649999999999999091e+03 5.204999999999999716e+01 5.202550000000000097e+01 3.527299999999999880e-01 9.191543000000001484e+01
4.660000000000000000e+03 5.210000000000000142e+01 5.215422000000000224e+01 -7.808300000000000241e-01 9.194501000000001056e+01
4.669999999999999091e+03 5.214999999999999858e+01 5.217441999999999780e+01 -3.516000000000000236e-01 9.200906000000001939e+01
4.680000000000000000e+03 5.220000000000000284e+01 5.214797999999999689e+01 7.491200000000000081e-01 9.209705000000002428e+01
4.690000000000000000e+03 5.225000000000000000e+01 5.213100000000000023e+01 1.713659999999999961e+00 9.214146000000002346e+01
4.699999999999999091e+03 5.229999999999999716e+01 5.235246999999999673e+01 -7.556199999999999584e-01 9.216877000000002340e+01
4.710000000000000000e+03 5.235000000000000142e+01 5.237093000000000131e+01 -3.014100000000000112e-01 9.214041000000001702e+01
4.719999999999999091e+03 5.239999999999999858e+01 5.236298000000000030e+01 5.330700000000000438e-01 9.214285000000000991e+01
4.730000000000000000e+03 5.245000000000000284e+01 5.268115999999999843e+01 -3.328759999999999941e+00 9.200484000000001572e+01
4.740000000000000000e+03 5.250000000000000000e+01 5.272840000000000060e+01 -3.288980000000000015e+00 9.182982000000001221e+01
4.749999999999999091e+03 5.254999999999999716e+01 5.253587000000000273e+01 2.035200000000000065e-01 9.174123000000001582e+01
4.760000000000000000e+03 5.260000000000000142e+01 5.262053999999999832e+01 -2.957500000000000129e-01 9.166892000000001417e+01
4.769999999999999091e+03 5.264999999999999858e+01 5.271365999999999730e+01 -9.166800000000000503e-01 9.169107000000001051e+01
4.780000000000000000e+03 5.270000000000000284e+01 5.295924000000000120e+01 -3.733000000000000096e+00 9.155017000000002270e+01
4.790000000000000000e+03 5.275000000000000000e+01 5.274040999999999713e+01 1.380300000000000138e-01 9.145289000000001067e+01
4.799999999999999091e+03 5.279999999999999716e+01 5.305807000000000073e+01 -3.716209999999999791e+00 9.136911000000002048e+01
4.810000000000000000e+03 5.285000000000000142e+01 5.313020000000000209e+01 -4.034860000000000113e+00 9.117518000000001166e+01
4.819999999999999091e+03 5.289999999999999858e+01 5.275889999999999702e+01 2.031829999999999803e+00 9.113982000000001449e+01
4.830000000000000000e+03 5.295000000000000284e+01 5.292755999999999972e+01 3.230999999999999983e-01 9.115086000000002286e+01
4.840000000000000000e+03 5.300000000000000000e+01 5.288911999999999836e+01 1.596670000000000034e+00 9.116268000000002303e+01
4.849999999999999091e+03 5.304999999999999716e+01 5.333449000000000240e+01 -4.096669999999999590e+00 9.109335000000001514e+01
4.860000000000000000e+03 5.310000000000000142e+01 5.327459999999999951e+01 -2.514279999999999848e+00 9.095819000000001608e+01
4.869999999999999091e+03 5.314999999999999858e+01 5.338893999999999807e+01 -3.440700000000000092e+00 9.086833000000001448e+01
4.880000000000000000e+03 5.320000000000000284e+01 5.289544999999999675e+01 4.385550000000000281e+00 9.098249000000001274e+01
4.890000000000000000e+03 5.325000000000000000e+01 5.294012000000000029e+01 4.462279999999999802e+00 9.120712000000001751e+01
4.899999999999999091e+03 5.329999999999999716e+01 5.290178999999999832e+01 5.734160000000000146e+00 9.144500000000002160e+01
4.910000000000000000e+03 5.335000000000000142e+01 5.330767999999999773e+01 6.094699999999999562e-01 9.165674000000001342e+01
4.919999999999999091e+03 5.339999999999999858e+01 5.307818999999999932e+01 4.634000000000000341e+00 9.176685000000001935e+01
4.930000000000000000e+03 5.345000000000000284e+01 5.325576000000000221e+01 2.797120000000000051e+00 9.194537000000001115e+01
4.940000000000000000e+03 5.350000000000000000e+01 5.334557000000000215e+01 2.223819999999999908e+00 9.201914000000002147e+01
4.949999999999999091e+03 5.354999999999999716e+01 5.339851999999999776e+01 2.181340000000000057e+00 9.218005000000002269e+01
4.960000000000000000e+03 5.360000000000000142e+01 5.360663000000000267e+01 -9.550999999999999768e-02 9.226393000000001621e+01
4.969999999999999091e+03 5.364999999999999858e+01 5.335952000000000339e+01 4.182890000000000441e+00 9.242952000000001078e+01
4.980000000000000000e+03 5.370000000000000284e+01 5.380745000000000289e+01 -1.547299999999999898e+00 9.256035000000001389e+01
4.990000000000000000e+03 5.375000000000000000e+01 5.358993999999999858e+01 2.304920000000000080e+00 9.260033000000001380e+01
4.999999999999999091e+03 5.379999999999999716e+01 5.361692000000000036e+01 2.636359999999999815e+00 9.260033000000001380e+01
5.010000000000000000e+03 5.385000000000000142e+01 5.337445999999999913e+01 6.847780000000000200e+00 9.275089000000001249e+01
5.019999999999999091e+03 5.389999999999999858e+01 5.352024000000000115e+01 5.468600000000000350e+00 9.313784000000001129e+01
5.030000000000000000e+03 5.395000000000000284e+01 5.373781000000000319e+01 3.055470000000000130e+00 9.342721000000001652e+01
5.040000000000000000e+03 5.400000000000000000e+01 5.334649999999999892e+01 9.410470000000000113e+00 9.366978000000001714e+01
5.049999999999999091e+03 5.404999999999999716e+01 5.395125999999999777e+01 1.421859999999999902e+00 9.405702000000000851e+01
5.060000000000000000e+03 5.410000000000000142e+01 5.407450000000000045e+01 3.672500000000000209e-01 9.414039000000001067e+01
5.069999999999999091e+03 5.414999999999999858e+01 5.425533000000000072e+01 -1.516809999999999992e+00 9.405856000000001416e+01
5.080000000000000000e+03 5.420000000000000284e+01 5.407334999999999781e+01 1.823779999999999957e+00 9.415787000000001683e+01
5.090000000000000000e+03 5.425000000000000000e+01 5.387669000000000352e+01 5.375619999999999621e+00 9.439612000000001046e+01
5.099999999999999091e+03 5.429999999999999716e+01 5.391969999999999885e+01 5.476320000000000299e+00 9.473285000000001332e+01
5.110000000000000000e+03 5.435000000000000142e+01 5.410835000000000150e+01 3.479719999999999924e+00 9.495041000000001929e+01
5.119999999999999091e+03 5.439999999999999858e+01 5.412194999999999823e+01 4.003860000000000419e+00 9.505998000000001014e+01
5.130000000000000000e+03 5.445000000000000284e+01 5.430563999999999680e+01 2.078720000000000123e+00 9.526776000000000977e+01
5.140000000000000000e+03 5.450000000000000000e+01 5.423776000000000153e+01 3.776310000000000056e+00 9.548809000000001390e+01
5.149999999999999091e+03 5.454999999999999716e+01 5.432900000000000063e+01 3.182389999999999830e+00 9.561014000000001545e+01
5.160000000000000000e+03 5.460000000000000142e+01 5.461395999999999873e+01 -2.010899999999999910e-01 9.558788000000001261e+01
5.169999999999999091e+03 5.464999999999999858e+01 5.466206999999999994e+01 -1.738300000000000123e-01 9.546405000000001451e+01
5.180000000000000000e+03 5.470000000000000284e+01 5.443184000000000111e+01 3.861530000000000129e+00 9.545330000000001291e+01
5.190000000000000000e+03 5.475000000000000000e+01 5.447995000000000232e+01 3.888729999999999798e+00 9.567824000000001661e+01
5.199999999999999091e+03 5.479999999999999716e+01 5.452660999999999802e+01 3.936749999999999972e+00 9.590445000000001130e+01
5.210000000000000000e+03 5.485000000000000142e+01 5.476185000000000258e+01 1.269320000000000004e+00 9.602051000000001579e+01
5.219999999999999091e+03 5.489999999999999858e+01 5.489858000000000260e+01 2.051000000000000045e-02 9.600112000000001444e+01
5.230000000000000000e+03 5.495000000000000284e+01 5.487870999999999810e+01 1.026580000000000048e+00 9.601441000000001225e+01
