# t_ps  r2_target_Ang  dist_Ang  force_kcal_per_mol_per_Ang  work_cum_kcal_per_mol
0.000000000000000000e+00 2.880000000000000071e+01 2.827890000000000015e+01 7.503870000000000040e+00 0.000000000000000000e+00
1.000000000000014211e+01 2.885000000000000142e+01 2.836852000000000018e+01 6.933250000000000135e+00 3.425799999999999956e-01
1.999999999999957367e+01 2.889999999999999858e+01 2.836417000000000144e+01 7.715989999999999682e+00 7.118100000000000538e-01
2.999999999999971578e+01 2.894999999999999929e+01 2.873332999999999871e+01 3.120060000000000056e+00 9.682600000000000096e-01
3.999999999999985789e+01 2.900000000000000000e+01 2.868005000000000138e+01 4.607249999999999623e+00 1.124870000000000037e+00
5.000000000000000000e+01 2.905000000000000071e+01 2.868138000000000076e+01 5.308130000000000237e+00 1.383359999999999923e+00
6.000000000000014211e+01 2.910000000000000142e+01 2.885094000000000136e+01 3.586500000000000021e+00 1.560230000000000006e+00
6.999999999999957367e+01 2.914999999999999858e+01 2.880712000000000117e+01 4.937400000000000233e+00 1.786419999999999897e+00
7.999999999999971578e+01 2.919999999999999929e+01 2.868029999999999902e+01 7.483710000000000306e+00 2.120340000000000114e+00
8.999999999999985789e+01 2.925000000000000000e+01 2.868608000000000047e+01 8.120380000000000820e+00 2.555579999999999963e+00
1.000000000000000000e+02 2.930000000000000071e+01 2.877894999999999825e+01 7.503049999999999997e+00 2.943599999999999994e+00
1.100000000000001421e+02 2.935000000000000142e+01 2.876323999999999970e+01 8.449389999999999290e+00 3.343879999999999963e+00
1.199999999999995737e+02 2.939999999999999858e+01 2.889837999999999951e+01 7.223279999999999923e+00 3.754340000000000011e+00
1.299999999999997158e+02 2.944999999999999929e+01 2.871346000000000132e+01 1.060613000000000028e+01 4.217789999999999928e+00
1.399999999999998579e+02 2.950000000000000000e+01 2.883931000000000111e+01 9.513899999999999579e+00 4.682439999999999714e+00
1.500000000000000000e+02 2.955000000000000071e+01 2.896126999999999896e+01 8.477750000000000341e+00 5.006490000000000329e+00
1.600000000000001421e+02 2.960000000000000142e+01 2.892132000000000147e+01 9.772980000000000445e+00 5.416999999999999815e+00
1.699999999999995737e+02 2.964999999999999858e+01 2.884265999999999863e+01 1.162564000000000064e+01 6.023909999999999876e+00
1.799999999999997158e+02 2.969999999999999929e+01 2.873783999999999850e+01 1.385505000000000031e+01 6.701600000000000001e+00
1.899999999999998579e+02 2.975000000000000000e+01 2.874117999999999995e+01 1.452706000000000053e+01 7.411990000000000300e+00
2.000000000000000000e+02 2.980000000000000071e+01 2.894216000000000122e+01 1.235285999999999973e+01 8.059089999999999421e+00
2.100000000000001421e+02 2.985000000000000142e+01 2.899643000000000015e+01 1.229143999999999970e+01 8.707399999999999807e+00
2.199999999999995737e+02 2.989999999999999858e+01 2.932714999999999961e+01 8.249079999999999302e+00 9.306449999999999889e+00
2.299999999999997158e+02 2.994999999999999929e+01 2.945311999999999841e+01 7.155039999999999623e+00 9.738220000000000098e+00
2.399999999999998579e+02 3.000000000000000000e+01 2.935240999999999900e+01 9.325329999999999231e+00 1.017073000000000071e+01
2.500000000000000000e+02 3.005000000000000071e+01 2.929557000000000144e+01 1.086386000000000074e+01 1.069566000000000017e+01
2.600000000000001137e+02 3.010000000000000142e+01 2.917336999999999847e+01 1.334351999999999983e+01 1.129920000000000080e+01
2.699999999999995453e+02 3.014999999999999858e+01 2.908280999999999850e+01 1.536758999999999986e+01 1.207478000000000051e+01
2.799999999999997158e+02 3.019999999999999929e+01 2.940302000000000149e+01 1.147653999999999996e+01 1.271794000000000047e+01
2.899999999999998295e+02 3.025000000000000000e+01 2.963746000000000080e+01 8.820619999999999905e+00 1.321179000000000059e+01
3.000000000000000000e+02 3.030000000000000071e+01 2.969991999999999877e+01 8.641149999999999665e+00 1.367816999999999972e+01
3.100000000000001137e+02 3.035000000000000142e+01 2.984312999999999860e+01 7.298879999999999590e+00 1.400850999999999935e+01
3.199999999999995453e+02 3.039999999999999858e+01 3.004361000000000104e+01 5.131960000000000299e+00 1.428519999999999968e+01
3.299999999999997158e+02 3.044999999999999929e+01 3.013147999999999982e+01 4.586680000000000312e+00 1.440422000000000047e+01
3.399999999999998295e+02 3.050000000000000000e+01 3.020677999999999841e+01 4.222400000000000375e+00 1.456650999999999918e+01
3.500000000000000000e+02 3.055000000000000071e+01 3.026607999999999876e+01 4.088510000000000311e+00 1.477693000000000012e+01
3.600000000000001137e+02 3.060000000000000142e+01 3.050450999999999979e+01 1.375050000000000106e+00 1.494231000000000087e+01
3.699999999999995453e+02 3.064999999999999858e+01 3.048507999999999996e+01 2.374870000000000037e+00 1.501598000000000077e+01
3.799999999999997158e+02 3.069999999999999929e+01 3.074743000000000137e+01 -6.830300000000000260e-01 1.509090999999999916e+01
3.899999999999998295e+02 3.075000000000000000e+01 3.086315000000000097e+01 -1.629369999999999985e+00 1.508117000000000019e+01
4.000000000000000000e+02 3.080000000000000071e+01 3.057976000000000028e+01 3.171520000000000117e+00 1.512348000000000070e+01
4.100000000000001137e+02 3.085000000000000142e+01 3.074352000000000018e+01 1.533290000000000042e+00 1.523816000000000059e+01
4.199999999999995453e+02 3.089999999999999858e+01 3.067623999999999995e+01 3.222150000000000070e+00 1.528734999999999999e+01
4.299999999999997158e+02 3.094999999999999929e+01 3.085462000000000060e+01 1.373529999999999918e+00 1.544041999999999959e+01
4.399999999999998295e+02 3.100000000000000000e+01 3.095073999999999970e+01 7.094000000000000306e-01 1.557980000000000054e+01
4.500000000000000000e+02 3.105000000000000071e+01 3.108586000000000027e+01 -5.164100000000000357e-01 1.555292000000000030e+01
4.600000000000001137e+02 3.110000000000000142e+01 3.068619999999999948e+01 5.958719999999999573e+00 1.565471999999999930e+01
4.699999999999995453e+02 3.114999999999999858e+01 3.073222000000000165e+01 6.016060000000000407e+00 1.587542999999999971e+01
4.799999999999997158e+02 3.119999999999999929e+01 3.096678999999999959e+01 3.358200000000000074e+00 1.605480999999999980e+01
4.899999999999998295e+02 3.125000000000000000e+01 3.095026999999999973e+01 4.316089999999999982e+00 1.630741000000000085e+01
5.000000000000000000e+02 3.130000000000000071e+01 3.101725000000000065e+01 4.071589999999999598e+00 1.650172999999999845e+01
5.100000000000001137e+02 3.135000000000000142e+01 3.120797999999999917e+01 2.045119999999999827e+00 1.661456000000000088e+01
5.199999999999995453e+02 3.139999999999999858e+01 3.090176999999999907e+01 7.174559999999999604e+00 1.686701000000000050e+01
5.299999999999996589e+02 3.144999999999999929e+01 3.104389000000000109e+01 5.847959999999999603e+00 1.725516999999999967e+01
5.399999999999998863e+02 3.150000000000000000e+01 3.123654000000000153e+01 3.793880000000000141e+00 1.751891000000000176e+01
5.500000000000000000e+02 3.155000000000000071e+01 3.134159999999999968e+01 3.000980000000000203e+00 1.769360999999999962e+01
5.600000000000001137e+02 3.160000000000000142e+01 3.120161999999999836e+01 5.736609999999999765e+00 1.795850000000000080e+01
5.699999999999995453e+02 3.164999999999999858e+01 3.104832999999999998e+01 8.664039999999999964e+00 1.828639000000000081e+01
5.799999999999996589e+02 3.169999999999999929e+01 3.119894000000000034e+01 7.215250000000000163e+00 1.860959000000000074e+01
5.899999999999998863e+02 3.175000000000000000e+01 3.153221999999999881e+01 3.136050000000000004e+00 1.887417999999999907e+01
6.000000000000000000e+02 3.180000000000000071e+01 3.121512999999999849e+01 8.422069999999999723e+00 1.910996000000000095e+01
6.100000000000001137e+02 3.185000000000000142e+01 3.112491999999999948e+01 1.044110000000000049e+01 1.957204000000000121e+01
6.199999999999995453e+02 3.189999999999999858e+01 3.130677999999999983e+01 8.542439999999999145e+00 2.004989000000000132e+01
6.299999999999996589e+02 3.194999999999999929e+01 3.130186000000000135e+01 9.333230000000000359e+00 2.045510000000000161e+01
6.399999999999998863e+02 3.200000000000000000e+01 3.165102999999999867e+01 5.025159999999999627e+00 2.072204999999999941e+01
6.499999999999993179e+02 3.204999999999999716e+01 3.182545000000000002e+01 3.233499999999999819e+00 2.083543999999999841e+01
6.600000000000001137e+02 3.210000000000000142e+01 3.187639000000000067e+01 3.219990000000000130e+00 2.101408999999999949e+01
6.699999999999995453e+02 3.214999999999999858e+01 3.180535000000000068e+01 4.963020000000000209e+00 2.124309999999999832e+01
6.800000000000004547e+02 3.220000000000000284e+01 3.182771999999999935e+01 5.360899999999999999e+00 2.148805000000000121e+01
6.899999999999998863e+02 3.225000000000000000e+01 3.184279000000000082e+01 5.863830000000000098e+00 2.180955000000000155e+01
6.999999999999993179e+02 3.229999999999999716e+01 3.173245000000000005e+01 8.172710000000000363e+00 2.210378000000000043e+01
7.100000000000001137e+02 3.235000000000000142e+01 3.180629000000000062e+01 7.829460000000000086e+00 2.246183999999999870e+01
7.199999999999995453e+02 3.239999999999999858e+01 3.203759000000000157e+01 5.218770000000000131e+00 2.284718000000000160e+01
7.300000000000004547e+02 3.245000000000000284e+01 3.194055000000000177e+01 7.336120000000000196e+00 2.320132999999999868e+01
7.399999999999998863e+02 3.250000000000000000e+01 3.196536000000000044e+01 7.698750000000000426e+00 2.356762000000000157e+01
7.499999999999993179e+02 3.254999999999999716e+01 3.210905000000000342e+01 6.349630000000000329e+00 2.392754000000000048e+01
7.600000000000001137e+02 3.260000000000000142e+01 3.233315000000000339e+01 3.842690000000000161e+00 2.419277999999999906e+01
7.699999999999995453e+02 3.264999999999999858e+01 3.250113999999999947e+01 2.143539999999999779e+00 2.437375000000000114e+01
7.800000000000004547e+02 3.270000000000000284e+01 3.221855999999999653e+01 6.932739999999999903e+00 2.460250999999999877e+01
7.899999999999998863e+02 3.275000000000000000e+01 3.235643999999999920e+01 5.667300000000000004e+00 2.487313999999999936e+01
7.999999999999993179e+02 3.279999999999999716e+01 3.251686000000000121e+01 4.077259999999999884e+00 2.515469999999999828e+01
8.100000000000001137e+02 3.285000000000000142e+01 3.239312999999999931e+01 6.578859999999999708e+00 2.533283000000000129e+01
8.199999999999995453e+02 3.289999999999999858e+01 3.251133000000000095e+01 5.596799999999999997e+00 2.566000000000000014e+01
8.300000000000004547e+02 3.295000000000000284e+01 3.244783999999999935e+01 7.231090000000000018e+00 2.601103000000000165e+01
8.399999999999998863e+02 3.300000000000000000e+01 3.270985999999999905e+01 4.178049999999999820e+00 2.634271000000000029e+01
8.499999999999993179e+02 3.304999999999999716e+01 3.241214000000000084e+01 9.185240000000000293e+00 2.668347999999999942e+01
8.600000000000001137e+02 3.310000000000000142e+01 3.263983000000000345e+01 6.626430000000000042e+00 2.705600000000000094e+01
8.699999999999995453e+02 3.314999999999999858e+01 3.248566000000000287e+01 9.566530000000000200e+00 2.745642000000000138e+01
8.800000000000004547e+02 3.320000000000000284e+01 3.276635000000000275e+01 6.244550000000000267e+00 2.791817999999999955e+01
8.899999999999998863e+02 3.325000000000000000e+01 3.279926999999999992e+01 6.490479999999999805e+00 2.823815000000000097e+01
8.999999999999993179e+02 3.329999999999999716e+01 3.294301000000000101e+01 5.140679999999999694e+00 2.865018999999999849e+01
9.100000000000001137e+02 3.335000000000000142e+01 3.294225000000000136e+01 5.871640000000000192e+00 2.896292000000000044e+01
9.199999999999995453e+02 3.339999999999999858e+01 3.299676999999999794e+01 5.806490000000000151e+00 2.919906999999999897e+01
9.300000000000004547e+02 3.345000000000000284e+01 3.341837999999999909e+01 4.552599999999999980e-01 2.943888000000000105e+01
9.399999999999998863e+02 3.350000000000000000e+01 3.354325999999999652e+01 -6.228799999999999892e-01 2.946226000000000056e+01
9.499999999999993179e+02 3.354999999999999716e+01 3.342642000000000024e+01 1.779609999999999914e+00 2.950337999999999994e+01
9.600000000000001137e+02 3.360000000000000142e+01 3.333706000000000103e+01 3.786399999999999988e+00 2.950973000000000113e+01
9.699999999999995453e+02 3.364999999999999858e+01 3.337297000000000224e+01 3.989180000000000170e+00 2.969171000000000049e+01
9.800000000000004547e+02 3.370000000000000284e+01 3.358109999999999928e+01 1.712180000000000035e+00 2.985756999999999906e+01
9.899999999999998863e+02 3.375000000000000000e+01 3.336039999999999850e+01 5.610170000000000101e+00 3.003680999999999912e+01
9.999999999999993179e+02 3.379999999999999716e+01 3.341693999999999676e+01 5.516000000000000014e+00 3.003680999999999912e+01
1.010000000000000114e+03 3.385000000000000142e+01 3.340809999999999746e+01 6.363400000000000389e+00 3.029415999999999798e+01
1.019999999999999545e+03 3.389999999999999858e+01 3.360332999999999970e+01 4.272059999999999746e+00 3.058719999999999928e+01
1.030000000000000455e+03 3.395000000000000284e+01 3.371419000000000210e+01 3.395659999999999901e+00 3.079053000000000040e+01
1.039999999999999773e+03 3.400000000000000000e+01 3.357291000000000025e+01 6.150120000000000253e+00 3.110036999999999807e+01
1.049999999999999318e+03 3.404999999999999716e+01 3.388716000000000150e+01 2.344860000000000166e+00 3.135600999999999772e+01
1.060000000000000227e+03 3.410000000000000142e+01 3.387762000000000029e+01 3.202199999999999935e+00 3.158474000000000004e+01
1.069999999999999545e+03 3.414999999999999858e+01 3.379838000000000164e+01 5.063279999999999781e+00 3.181901999999999830e+01
1.080000000000000455e+03 3.420000000000000284e+01 3.375426000000000215e+01 6.418709999999999916e+00 3.207683000000000106e+01
1.089999999999999773e+03 3.425000000000000000e+01 3.396793000000000262e+01 4.061819999999999986e+00 3.229945999999999628e+01
1.099999999999999318e+03 3.429999999999999716e+01 3.383252999999999844e+01 6.731589999999999741e+00 3.253851999999999833e+01
1.110000000000000227e+03 3.435000000000000142e+01 3.365274000000000143e+01 1.004059999999999953e+01 3.287037000000000120e+01
1.119999999999999545e+03 3.439999999999999858e+01 3.389728999999999814e+01 7.238979999999999748e+00 3.315704999999999814e+01
1.130000000000000455e+03 3.445000000000000284e+01 3.411437999999999704e+01 4.832889999999999908e+00 3.347054999999999580e+01
1.139999999999999773e+03 3.450000000000000000e+01 3.424179999999999779e+01 3.718119999999999870e+00 3.367906999999999584e+01
1.149999999999999318e+03 3.454999999999999716e+01 3.448060999999999865e+01 9.991700000000000026e-01 3.378954000000000235e+01
1.160000000000000227e+03 3.460000000000000142e+01 3.432688000000000272e+01 3.932939999999999880e+00 3.393961000000000183e+01
1.169999999999999545e+03 3.464999999999999858e+01 3.401668999999999699e+01 9.119590000000000529e+00 3.431637999999999522e+01
1.180000000000000455e+03 3.470000000000000284e+01 3.440135999999999683e+01 4.300390000000000157e+00 3.464918999999999727e+01
1.189999999999999773e+03 3.475000000000000000e+01 3.434808000000000305e+01 5.787580000000000169e+00 3.492475999999999914e+01
1.199999999999999318e+03 3.479999999999999716e+01 3.426773000000000025e+01 7.664699999999999847e+00 3.521130000000000138e+01
1.210000000000000227e+03 3.485000000000000142e+01 3.433997999999999706e+01 7.344350000000000378e+00 3.562465000000000259e+01
1.219999999999999545e+03 3.489999999999999858e+01 3.466602999999999923e+01 3.369099999999999984e+00 3.582048999999999950e+01
1.230000000000000455e+03 3.495000000000000284e+01 3.470212999999999681e+01 3.569269999999999943e+00 3.604992000000000019e+01
1.239999999999999773e+03 3.500000000000000000e+01 3.453063000000000216e+01 6.758910000000000196e+00 3.635058999999999685e+01
1.249999999999999318e+03 3.504999999999999716e+01 3.482287000000000177e+01 3.270649999999999835e+00 3.664894999999999925e+01
1.260000000000000227e+03 3.510000000000000142e+01 3.470362999999999687e+01 5.707740000000000258e+00 3.692275999999999669e+01
1.269999999999999545e+03 3.514999999999999858e+01 3.481728999999999985e+01 4.791050000000000253e+00 3.716619999999999635e+01
1.280000000000000455e+03 3.520000000000000284e+01 3.509570000000000078e+01 1.501959999999999962e+00 3.733641999999999683e+01
1.289999999999999773e+03 3.525000000000000000e+01 3.525283000000000300e+01 -4.068999999999999700e-02 3.742407999999999646e+01
1.299999999999999318e+03 3.529999999999999716e+01 3.498536000000000001e+01 4.530820000000000292e+00 3.755803999999999832e+01
1.310000000000000227e+03 3.535000000000000142e+01 3.511654999999999660e+01 3.361730000000000107e+00 3.772388999999999726e+01
1.319999999999999545e+03 3.539999999999999858e+01 3.527496000000000009e+01 1.800589999999999913e+00 3.785052000000000305e+01
1.330000000000000455e+03 3.545000000000000284e+01 3.530375000000000085e+01 2.105989999999999807e+00 3.790370000000000061e+01
1.339999999999999773e+03 3.550000000000000000e+01 3.521620999999999668e+01 4.086630000000000429e+00 3.806593000000000160e+01
1.349999999999999318e+03 3.554999999999999716e+01 3.529964999999999975e+01 3.605030000000000179e+00 3.824786000000000286e+01
1.360000000000000227e+03 3.560000000000000142e+01 3.499340000000000117e+01 8.735030000000000072e+00 3.853334999999999866e+01
1.369999999999999545e+03 3.564999999999999858e+01 3.495564999999999856e+01 9.998659999999999215e+00 3.898277000000000214e+01
1.380000000000000455e+03 3.570000000000000284e+01 3.512541999999999831e+01 8.274020000000000152e+00 3.933986000000000161e+01
1.389999999999999773e+03 3.575000000000000000e+01 3.530624000000000251e+01 6.390209999999999724e+00 3.964705000000000013e+01
1.399999999999999318e+03 3.579999999999999716e+01 3.530010000000000048e+01 7.198599999999999888e+00 3.994149000000000171e+01
1.410000000000000000e+03 3.585000000000000142e+01 3.540037000000000234e+01 6.474610000000000198e+00 4.037832000000000221e+01
1.419999999999999545e+03 3.589999999999999858e+01 3.560215000000000174e+01 4.289089999999999847e+00 4.068757999999999697e+01
1.430000000000000455e+03 3.595000000000000284e+01 3.583664000000000271e+01 1.632349999999999968e+00 4.087812999999999874e+01
1.439999999999999773e+03 3.600000000000000000e+01 3.573060000000000258e+01 3.879389999999999894e+00 4.101739999999999498e+01
1.449999999999999318e+03 3.604999999999999716e+01 3.597599000000000302e+01 1.065700000000000092e+00 4.121406000000000347e+01
1.460000000000000000e+03 3.610000000000000142e+01 3.553587999999999880e+01 8.123329999999999274e+00 4.144592000000000098e+01
1.469999999999999545e+03 3.614999999999999858e+01 3.580613000000000312e+01 4.951679999999999637e+00 4.173892999999999631e+01
1.480000000000000455e+03 3.620000000000000284e+01 3.570087000000000188e+01 7.187409999999999854e+00 4.204495000000000005e+01
1.489999999999999773e+03 3.625000000000000000e+01 3.598432999999999993e+01 3.825720000000000010e+00 4.237872000000000128e+01
1.499999999999999318e+03 3.629999999999999716e+01 3.594257000000000346e+01 5.147050000000000125e+00 4.256991999999999621e+01
1.510000000000000000e+03 3.635000000000000142e+01 3.575238000000000227e+01 8.605689999999999173e+00 4.292170999999999736e+01
1.519999999999999545e+03 3.639999999999999858e+01 3.585569999999999879e+01 7.837900000000000311e+00 4.336005999999999716e+01
1.530000000000000455e+03 3.645000000000000284e+01 3.593943000000000154e+01 7.352190000000000225e+00 4.367103000000000179e+01
1.539999999999999773e+03 3.650000000000000000e+01 3.598248000000000246e+01 7.452280000000000015e+00 4.399455999999999989e+01
1.549999999999999318e+03 3.654999999999999716e+01 3.634687000000000268e+01 2.925129999999999786e+00 4.423205999999999705e+01
1.560000000000000000e+03 3.660000000000000142e+01 3.607182000000000244e+01 7.605769999999999698e+00 4.449832999999999572e+01
1.569999999999999545e+03 3.664999999999999858e+01 3.630315999999999832e+01 4.994550000000000267e+00 4.487653000000000247e+01
1.580000000000000455e+03 3.670000000000000284e+01 3.654932000000000158e+01 2.169770000000000199e+00 4.512395999999999674e+01
1.589999999999999773e+03 3.675000000000000000e+01 3.659888999999999726e+01 2.175949999999999829e+00 4.530039000000000016e+01
1.599999999999999318e+03 3.679999999999999716e+01 3.673745000000000260e+01 9.006800000000000361e-01 4.543417999999999779e+01
1.610000000000000000e+03 3.685000000000000142e+01 3.663347000000000264e+01 3.117960000000000065e+00 4.566870999999999725e+01
1.619999999999999545e+03 3.689999999999999858e+01 3.664320000000000022e+01 3.697919999999999874e+00 4.583028000000000191e+01
1.630000000000000455e+03 3.695000000000000284e+01 3.673716999999999899e+01 3.064799999999999969e+00 4.607453999999999894e+01
1.639999999999999773e+03 3.700000000000000000e+01 3.673100999999999772e+01 3.873520000000000074e+00 4.627105999999999852e+01
1.649999999999999318e+03 3.704999999999999716e+01 3.696813000000000216e+01 1.178940000000000099e+00 4.637780999999999665e+01
1.660000000000000000e+03 3.710000000000000142e+01 3.676182000000000016e+01 4.869769999999999932e+00 4.660335999999999501e+01
1.669999999999999545e+03 3.714999999999999858e+01 3.675972999999999757e+01 5.619839999999999947e+00 4.687116999999999933e+01
1.680000000000000455e+03 3.720000000000000284e+01 3.676897999999999911e+01 6.206710000000000171e+00 4.717391999999999541e+01
1.689999999999999773e+03 3.725000000000000000e+01 3.717466999999999899e+01 1.084689999999999932e+00 4.734284999999999854e+01
1.699999999999999318e+03 3.729999999999999716e+01 3.685190000000000055e+01 6.452670000000000350e+00 4.754223999999999961e+01
1.710000000000000000e+03 3.735000000000000142e+01 3.682424999999999926e+01 7.570859999999999701e+00 4.797453999999999752e+01
1.719999999999999545e+03 3.739999999999999858e+01 3.669429000000000229e+01 1.016220999999999997e+01 4.835746999999999929e+01
1.730000000000000455e+03 3.745000000000000284e+01 3.668408999999999764e+01 1.102905999999999942e+01 4.886419999999999675e+01
1.739999999999999773e+03 3.750000000000000000e+01 3.715979000000000099e+01 4.899040000000000283e+00 4.928596999999999895e+01
1.749999999999999318e+03 3.754999999999999716e+01 3.706427000000000049e+01 6.994480000000000253e+00 4.946871000000000151e+01
1.760000000000000000e+03 3.760000000000000142e+01 3.723451000000000022e+01 5.263010000000000410e+00 4.966561000000000092e+01
1.769999999999999545e+03 3.764999999999999858e+01 3.747601999999999833e+01 2.505250000000000199e+00 4.976270999999999844e+01
1.780000000000000455e+03 3.770000000000000284e+01 3.752517000000000280e+01 2.517599999999999838e+00 4.989889999999999759e+01
1.789999999999999773e+03 3.775000000000000000e+01 3.772265000000000157e+01 3.937899999999999734e-01 5.001648000000000138e+01
1.799999999999999318e+03 3.779999999999999716e+01 3.759875999999999863e+01 2.897790000000000088e+00 5.008642000000000394e+01
1.810000000000000000e+03 3.785000000000000142e+01 3.784669999999999845e+01 4.753999999999999893e-02 5.020497999999999905e+01
1.819999999999999545e+03 3.789999999999999858e+01 3.762955000000000183e+01 3.894420000000000215e+00 5.035956000000000188e+01
1.830000000000000455e+03 3.795000000000000284e+01 3.755138000000000176e+01 5.740129999999999733e+00 5.055151000000000039e+01
1.839999999999999773e+03 3.800000000000000000e+01 3.769523000000000224e+01 4.388639999999999652e+00 5.076903000000000077e+01
1.849999999999999318e+03 3.804999999999999716e+01 3.786726000000000170e+01 2.631520000000000081e+00 5.091092000000000439e+01
1.860000000000000000e+03 3.810000000000000142e+01 3.824768000000000256e+01 -2.126640000000000086e+00 5.099945999999999913e+01
1.869999999999999545e+03 3.814999999999999858e+01 3.836435999999999780e+01 -3.086790000000000145e+00 5.088168000000000291e+01
1.880000000000000455e+03 3.820000000000000284e+01 3.821038999999999675e+01 -1.496399999999999952e-01 5.082119000000000142e+01
1.889999999999999773e+03 3.825000000000000000e+01 3.842763999999999669e+01 -2.557970000000000077e+00 5.075050000000000239e+01
1.899999999999999318e+03 3.829999999999999716e+01 3.840896999999999650e+01 -1.569190000000000085e+00 5.063685999999999865e+01
1.910000000000000000e+03 3.835000000000000142e+01 3.834991000000000128e+01 1.289999999999999914e-03 5.058597000000000321e+01
1.919999999999999545e+03 3.839999999999999858e+01 3.852611000000000274e+01 -1.816009999999999902e+00 5.056085000000000207e+01
1.930000000000000455e+03 3.845000000000000284e+01 3.874638999999999811e+01 -4.268049999999999677e+00 5.039269000000000176e+01
1.939999999999999773e+03 3.850000000000000000e+01 3.846182999999999907e+01 5.496499999999999719e-01 5.025171999999999883e+01
1.949999999999999318e+03 3.854999999999999716e+01 3.870396000000000214e+01 -2.217000000000000082e+00 5.025003999999999849e+01
1.960000000000000000e+03 3.860000000000000142e+01 3.874264999999999759e+01 -2.054100000000000037e+00 5.015966999999999842e+01
1.969999999999999545e+03 3.864999999999999858e+01 3.907025000000000148e+01 -6.051590000000000025e+00 4.997538000000000125e+01
1.980000000000000455e+03 3.870000000000000284e+01 3.906087999999999738e+01 -5.196629999999999860e+00 4.973282000000000380e+01
1.989999999999999773e+03 3.875000000000000000e+01 3.903609000000000151e+01 -4.119629999999999903e+00 4.948031000000000290e+01
1.999999999999999318e+03 3.879999999999999716e+01 3.951323000000000008e+01 -1.027047999999999917e+01 4.948031000000000290e+01
2.010000000000000000e+03 3.885000000000000142e+01 3.903687999999999647e+01 -2.691129999999999800e+00 4.921277000000000612e+01
2.019999999999999545e+03 3.889999999999999858e+01 3.890576000000000079e+01 -8.290000000000000147e-02 4.916468000000000416e+01
2.030000000000000455e+03 3.895000000000000284e+01 3.881304999999999694e+01 1.972020000000000106e+00 4.932484000000000179e+01
2.039999999999999773e+03 3.900000000000000000e+01 3.890514000000000294e+01 1.365969999999999906e+00 4.940411000000000286e+01
2.049999999999999091e+03 3.904999999999999716e+01 3.885734999999999673e+01 2.774090000000000167e+00 4.949462000000000472e+01
2.060000000000000000e+03 3.910000000000000142e+01 3.893916000000000111e+01 2.316030000000000033e+00 4.963883000000000578e+01
2.069999999999999545e+03 3.914999999999999858e+01 3.928522000000000247e+01 -1.947219999999999951e+00 4.966423999999999950e+01
2.080000000000000455e+03 3.920000000000000284e+01 3.895985000000000298e+01 3.458190000000000097e+00 4.974033000000000015e+01
2.090000000000000000e+03 3.925000000000000000e+01 3.893285999999999802e+01 4.566799999999999748e+00 4.995358000000000231e+01
2.099999999999999091e+03 3.929999999999999716e+01 3.913833000000000339e+01 2.328009999999999913e+00 5.010704000000000491e+01
2.110000000000000000e+03 3.935000000000000142e+01 3.915129000000000303e+01 2.861390000000000100e+00 5.015371999999999986e+01
2.119999999999999545e+03 3.939999999999999858e+01 3.937492000000000303e+01 3.611699999999999910e-01 5.023808000000000362e+01
2.130000000000000455e+03 3.945000000000000284e+01 3.931613000000000113e+01 1.927699999999999969e+00 5.027679000000000542e+01
2.140000000000000000e+03 3.950000000000000000e+01 3.905203000000000202e+01 6.450730000000000075e+00 5.045357000000000625e+01
2.149999999999999091e+03 3.954999999999999716e+01 3.914334000000000202e+01 5.855870000000000353e+00 5.072463000000000477e+01
2.160000000000000000e+03 3.960000000000000142e+01 3.938210000000000122e+01 3.137719999999999843e+00 5.093609000000000009e+01
2.169999999999999545e+03 3.964999999999999858e+01 3.929451999999999856e+01 5.118870000000000253e+00 5.112430000000000518e+01
2.180000000000000455e+03 3.970000000000000284e+01 3.953860000000000241e+01 2.324219999999999953e+00 5.136221000000000458e+01
2.190000000000000000e+03 3.975000000000000000e+01 3.960866999999999649e+01 2.035099999999999909e+00 5.152389000000000152e+01
2.199999999999999091e+03 3.979999999999999716e+01 3.926375999999999777e+01 7.721790000000000376e+00 5.176139000000000578e+01
2.210000000000000000e+03 3.985000000000000142e+01 3.927465000000000117e+01 8.285000000000000142e+00 5.217678000000000083e+01
2.219999999999999545e+03 3.989999999999999858e+01 3.930780000000000030e+01 8.527609999999999246e+00 5.255028000000000077e+01
2.230000000000000455e+03 3.995000000000000284e+01 3.951057000000000130e+01 6.327840000000000131e+00 5.295175000000000409e+01
2.240000000000000000e+03 4.000000000000000000e+01 3.970074000000000325e+01 4.309350000000000236e+00 5.315550000000000352e+01
2.249999999999999091e+03 4.004999999999999716e+01 3.964108999999999838e+01 5.888239999999999696e+00 5.341466000000000491e+01
2.260000000000000000e+03 4.010000000000000142e+01 3.984432999999999936e+01 3.681630000000000180e+00 5.368915000000000504e+01
2.269999999999999545e+03 4.014999999999999858e+01 3.953166999999999831e+01 8.903940000000000410e+00 5.396254000000000417e+01
2.280000000000000455e+03 4.020000000000000284e+01 3.981792999999999694e+01 5.501759999999999984e+00 5.425607000000000113e+01
2.290000000000000000e+03 4.025000000000000000e+01 3.981918999999999897e+01 6.203669999999999796e+00 5.459201000000000192e+01
2.299999999999999091e+03 4.029999999999999716e+01 3.992439999999999856e+01 5.408619999999999983e+00 5.484332000000000562e+01
2.310000000000000000e+03 4.035000000000000142e+01 4.014654999999999774e+01 2.929739999999999789e+00 5.504291000000000622e+01
2.319999999999999545e+03 4.039999999999999858e+01 4.014253000000000071e+01 3.707500000000000018e+00 5.508293000000000461e+01
2.330000000000000455e+03 4.045000000000000284e+01 4.010488999999999749e+01 4.969509999999999650e+00 5.536217000000000610e+01
2.340000000000000000e+03 4.050000000000000000e+01 4.000648000000000337e+01 7.106700000000000017e+00 5.572264000000000550e+01
2.349999999999999091e+03 4.054999999999999716e+01 4.022395999999999816e+01 4.694980000000000153e+00 5.606451000000000562e+01
2.360000000000000000e+03 4.060000000000000142e+01 4.034586000000000183e+01 3.659640000000000004e+00 5.618398000000000536e+01
2.369999999999999545e+03 4.064999999999999858e+01 4.012628999999999735e+01 7.541430000000000078e+00 5.646691000000000571e+01
2.380000000000000455e+03 4.070000000000000284e+01 4.024311000000000149e+01 6.579180000000000028e+00 5.679183000000000447e+01
2.390000000000000000e+03 4.075000000000000000e+01 4.039770999999999646e+01 5.073010000000000019e+00 5.705662000000000234e+01
2.399999999999999091e+03 4.079999999999999716e+01 4.058449000000000240e+01 3.103340000000000209e+00 5.724922000000000111e+01
2.410000000000000000e+03 4.085000000000000142e+01 4.098096999999999923e+01 -1.885979999999999990e+00 5.726897000000000304e+01
2.419999999999999545e+03 4.089999999999999858e+01 4.089840000000000231e+01 2.305000000000000104e-02 5.726758000000000237e+01
2.430000000000000455e+03 4.095000000000000284e+01 4.100157999999999703e+01 -7.427899999999999503e-01 5.722861000000000331e+01
2.440000000000000000e+03 4.100000000000000000e+01 4.125457999999999714e+01 -3.665909999999999780e+00 5.713415000000000532e+01
2.449999999999999091e+03 4.104999999999999716e+01 4.093554000000000315e+01 1.648169999999999913e+00 5.708951000000000420e+01
2.460000000000000000e+03 4.110000000000000142e+01 4.101001999999999725e+01 1.295709999999999917e+00 5.713008000000000663e+01
2.469999999999999545e+03 4.114999999999999858e+01 4.103000000000000114e+01 1.727980000000000071e+00 5.714462000000000330e+01
2.480000000000000455e+03 4.120000000000000284e+01 4.129952999999999719e+01 -1.433270000000000044e+00 5.709685000000000343e+01
2.490000000000000000e+03 4.125000000000000000e+01 4.109311000000000291e+01 2.259279999999999955e+00 5.704967000000000610e+01
2.499999999999999091e+03 4.129999999999999716e+01 4.095698999999999756e+01 4.939379999999999882e+00 5.725075999999999965e+01
2.510000000000000000e+03 4.135000000000000142e+01 4.109633999999999787e+01 3.652680000000000149e+00 5.737992000000000559e+01
2.519999999999999545e+03 4.139999999999999858e+01 4.099443000000000126e+01 5.840259999999999785e+00 5.767813999999999908e+01
2.530000000000000455e+03 4.145000000000000284e+01 4.123344999999999771e+01 3.118310000000000137e+00 5.790909000000000617e+01
2.540000000000000000e+03 4.150000000000000000e+01 4.139902000000000015e+01 1.454150000000000054e+00 5.802098000000000155e+01
2.549999999999999091e+03 4.154999999999999716e+01 4.151603000000000065e+01 4.892099999999999782e-01 5.808402999999999849e+01
2.560000000000000000e+03 4.160000000000000142e+01 4.159485999999999706e+01 7.399000000000000021e-02 5.814545000000000385e+01
2.569999999999999545e+03 4.164999999999999858e+01 4.172957000000000249e+01 -1.145829999999999904e+00 5.815125000000000455e+01
2.580000000000000455e+03 4.170000000000000284e+01 4.152682999999999680e+01 2.493590000000000195e+00 5.813289000000000328e+01
2.590000000000000000e+03 4.175000000000000000e+01 4.178974999999999795e+01 -5.723399999999999599e-01 5.824913000000000096e+01
2.599999999999999091e+03 4.179999999999999716e+01 4.190287000000000006e+01 -1.481289999999999996e+00 5.810732000000000141e+01
2.610000000000000000e+03 4.185000000000000142e+01 4.194299999999999784e+01 -1.339239999999999986e+00 5.807656000000000063e+01
2.619999999999999545e+03 4.189999999999999858e+01 4.209792000000000201e+01 -2.849990000000000023e+00 5.800198000000000320e+01
2.630000000000000455e+03 4.195000000000000284e+01 4.213358000000000203e+01 -2.643569999999999975e+00 5.792882000000000176e+01
2.640000000000000000e+03 4.200000000000000000e+01 4.207186999999999699e+01 -1.034869999999999957e+00 5.782871000000000095e+01
2.649999999999999091e+03 4.204999999999999716e+01 4.201724000000000103e+01 4.717500000000000027e-01 5.766464000000000567e+01
2.660000000000000000e+03 4.210000000000000142e+01 4.173971000000000231e+01 5.188229999999999897e+00 5.780686000000000035e+01
2.669999999999999545e+03 4.214999999999999858e+01 4.188374999999999915e+01 3.834039999999999893e+00 5.817247000000000412e+01
2.680000000000000455e+03 4.220000000000000284e+01 4.157086000000000325e+01 9.059639999999999915e+00 5.844449000000000183e+01
2.690000000000000000e+03 4.225000000000000000e+01 4.174454999999999671e+01 7.278529999999999944e+00 5.893348000000000297e+01
2.699999999999999091e+03 4.229999999999999716e+01 4.190872000000000241e+01 5.634479999999999933e+00 5.922478000000000264e+01
2.710000000000000000e+03 4.235000000000000142e+01 4.205648999999999660e+01 4.226589999999999847e+00 5.943116000000000554e+01
2.719999999999999545e+03 4.239999999999999858e+01 4.215738999999999947e+01 3.493580000000000130e+00 5.958335999999999899e+01
2.730000000000000455e+03 4.245000000000000284e+01 4.219422999999999746e+01 3.683129999999999793e+00 5.974174000000000717e+01
2.740000000000000000e+03 4.250000000000000000e+01 4.205044999999999789e+01 6.473530000000000229e+00 5.998741000000000412e+01
2.749999999999999091e+03 4.254999999999999716e+01 4.217011000000000109e+01 5.470439999999999969e+00 6.026525000000000176e+01
2.760000000000000000e+03 4.260000000000000142e+01 4.211066999999999894e+01 7.046330000000000204e+00 6.052101000000000397e+01
2.769999999999999545e+03 4.264999999999999858e+01 4.236838000000000193e+01 4.055349999999999788e+00 6.083572000000000202e+01
2.780000000000000455e+03 4.270000000000000284e+01 4.205104999999999649e+01 9.344920000000000115e+00 6.110506000000000171e+01
2.790000000000000000e+03 4.275000000000000000e+01 4.224022000000000077e+01 7.340880000000000294e+00 6.150366999999999962e+01
2.799999999999999091e+03 4.279999999999999716e+01 4.252156000000000091e+01 4.009549999999999947e+00 6.178735000000000355e+01
2.810000000000000000e+03 4.285000000000000142e+01 4.265126000000000062e+01 2.861899999999999888e+00 6.203582000000000107e+01
2.819999999999999545e+03 4.289999999999999858e+01 4.266431999999999647e+01 3.393839999999999968e+00 6.224030000000000484e+01
2.830000000000000455e+03 4.295000000000000284e+01 4.287136000000000280e+01 1.132400000000000073e+00 6.239795000000000158e+01
2.840000000000000000e+03 4.300000000000000000e+01 4.335356000000000165e+01 -5.091319999999999624e+00 6.223788000000000409e+01
2.849999999999999091e+03 4.304999999999999716e+01 4.315879999999999939e+01 -1.566650000000000098e+00 6.212477000000000515e+01
2.860000000000000000e+03 4.310000000000000142e+01 4.292717999999999989e+01 2.488599999999999923e+00 6.220951000000000164e+01
2.869999999999999545e+03 4.314999999999999858e+01 4.287881999999999749e+01 3.905009999999999870e+00 6.230535000000000423e+01
2.880000000000000455e+03 4.320000000000000284e+01 4.305599999999999739e+01 2.073539999999999939e+00 6.249904000000000082e+01
2.890000000000000000e+03 4.325000000000000000e+01 4.324134000000000100e+01 1.246499999999999969e-01 6.257341999999999871e+01
2.899999999999999091e+03 4.329999999999999716e+01 4.343430000000000035e+01 -1.933899999999999952e+00 6.247954000000000008e+01
2.910000000000000000e+03 4.335000000000000142e+01 4.341958999999999946e+01 -1.002159999999999940e+00 6.227848000000000184e+01
2.919999999999999545e+03 4.339999999999999858e+01 4.363566000000000145e+01 -3.393489999999999895e+00 6.219697000000000031e+01
2.930000000000000455e+03 4.345000000000000284e+01 4.345364000000000004e+01 -5.238999999999999907e-02 6.204918000000000688e+01
2.940000000000000000e+03 4.350000000000000000e+01 4.346869000000000227e+01 4.509299999999999975e-01 6.203882000000000119e+01
2.949999999999999091e+03 4.354999999999999716e+01 4.350706999999999880e+01 6.182600000000000318e-01 6.198002000000000322e+01
2.960000000000000000e+03 4.360000000000000142e+01 4.355680999999999869e+01 6.219799999999999773e-01 6.194018000000000512e+01
2.969999999999999545e+03 4.364999999999999858e+01 4.376570000000000249e+01 -1.666060000000000096e+00 6.193413999999999930e+01
2.980000000000000455e+03 4.370000000000000284e+01 4.370530999999999722e+01 -7.645000000000000406e-02 6.189516000000000417e+01
2.990000000000000000e+03 4.375000000000000000e+01 4.392219999999999658e+01 -2.479740000000000055e+00 6.183355000000000246e+01
2.999999999999999091e+03 4.379999999999999716e+01 4.384062999999999732e+01 -5.851300000000000390e-01 6.183355000000000246e+01
3.010000000000000000e+03 4.385000000000000142e+01 4.376897000000000304e+01 1.166809999999999903e+00 6.180358999999999980e+01
3.019999999999999545e+03 4.389999999999999858e+01 4.379802999999999713e+01 1.468369999999999953e+00 6.183635000000000304e+01
3.030000000000000455e+03 4.395000000000000284e+01 4.380382999999999782e+01 2.104800000000000004e+00 6.189928000000000452e+01
3.040000000000000000e+03 4.400000000000000000e+01 4.385356000000000165e+01 2.108729999999999993e+00 6.206717000000000439e+01
3.049999999999999091e+03 4.404999999999999716e+01 4.426901000000000153e+01 -3.153709999999999791e+00 6.203715000000000401e+01
3.060000000000000000e+03 4.410000000000000142e+01 4.416467999999999705e+01 -9.313900000000000512e-01 6.186498000000000275e+01
3.069999999999999545e+03 4.414999999999999858e+01 4.394227000000000061e+01 2.991270000000000095e+00 6.181345000000000312e+01
3.080000000000000455e+03 4.420000000000000284e+01 4.406862000000000279e+01 1.891839999999999966e+00 6.201250000000000284e+01
3.090000000000000000e+03 4.425000000000000000e+01 4.406647000000000247e+01 2.642830000000000013e+00 6.212297000000000224e+01
3.099999999999999091e+03 4.429999999999999716e+01 4.416199000000000296e+01 1.987409999999999899e+00 6.227094000000000307e+01
3.110000000000000000e+03 4.435000000000000142e+01 4.435746999999999929e+01 -1.075200000000000045e-01 6.229572000000000287e+01
3.119999999999999545e+03 4.439999999999999858e+01 4.457057999999999964e+01 -2.456300000000000150e+00 6.231833999999999918e+01
3.130000000000000455e+03 4.445000000000000284e+01 4.452792999999999779e+01 -1.122200000000000086e+00 6.226411000000000229e+01
3.140000000000000000e+03 4.450000000000000000e+01 4.460629999999999740e+01 -1.530790000000000095e+00 6.216813000000000500e+01
3.149999999999999091e+03 4.454999999999999716e+01 4.445344000000000051e+01 1.390449999999999964e+00 6.221712000000000131e+01
3.160000000000000000e+03 4.460000000000000142e+01 4.445259999999999678e+01 2.122500000000000053e+00 6.228823000000000576e+01
3.169999999999999545e+03 4.464999999999999858e+01 4.427170999999999879e+01 5.447370000000000267e+00 6.251313000000000386e+01
3.180000000000000455e+03 4.470000000000000284e+01 4.459559999999999746e+01 1.503309999999999924e+00 6.275429000000000457e+01
3.190000000000000000e+03 4.475000000000000000e+01 4.461245999999999867e+01 1.980569999999999942e+00 6.287552000000000163e+01
3.199999999999999091e+03 4.479999999999999716e+01 4.464245999999999981e+01 2.268539999999999779e+00 6.297315000000000396e+01
3.210000000000000000e+03 4.485000000000000142e+01 4.519827999999999690e+01 -5.015170000000000350e+00 6.293314000000000163e+01
3.219999999999999545e+03 4.489999999999999858e+01 4.452203000000000088e+01 5.442820000000000213e+00 6.295203000000000060e+01
3.230000000000000455e+03 4.495000000000000284e+01 4.467224999999999824e+01 3.999639999999999862e+00 6.314388999999999896e+01
3.240000000000000000e+03 4.500000000000000000e+01 4.469382999999999839e+01 4.408890000000000420e+00 6.330888000000000204e+01
3.249999999999999091e+03 4.504999999999999716e+01 4.486276999999999759e+01 2.696169999999999956e+00 6.355096999999999952e+01
3.260000000000000000e+03 4.510000000000000142e+01 4.475856000000000279e+01 4.916750000000000398e+00 6.373130000000000450e+01
3.269999999999999545e+03 4.514999999999999858e+01 4.517005000000000337e+01 -2.887899999999999912e-01 6.379975999999999914e+01
3.280000000000000455e+03 4.520000000000000284e+01 4.501664999999999850e+01 2.640229999999999855e+00 6.390010000000000190e+01
3.290000000000000000e+03 4.525000000000000000e+01 4.521014999999999873e+01 5.738999999999999657e-01 6.397400999999999982e+01
3.299999999999999091e+03 4.529999999999999716e+01 4.522520999999999702e+01 1.076920000000000099e+00 6.404737000000000080e+01
3.310000000000000000e+03 4.535000000000000142e+01 4.553285999999999945e+01 -2.633150000000000102e+00 6.404184999999999661e+01
3.319999999999999545e+03 4.539999999999999858e+01 4.528146999999999878e+01 1.706809999999999938e+00 6.402844000000000335e+01
3.330000000000000455e+03 4.545000000000000284e+01 4.496699000000000268e+01 6.955400000000000027e+00 6.429443000000000552e+01
3.340000000000000000e+03 4.550000000000000000e+01 4.529890999999999934e+01 2.895659999999999901e+00 6.446111000000000502e+01
3.349999999999999091e+03 4.554999999999999716e+01 4.536963999999999686e+01 2.597240000000000215e+00 6.463277999999999679e+01
3.360000000000000000e+03 4.560000000000000142e+01 4.527288000000000068e+01 4.710539999999999949e+00 6.472565000000000168e+01
3.369999999999999545e+03 4.564999999999999858e+01 4.520685000000000286e+01 6.381420000000000314e+00 6.496484999999999843e+01
3.380000000000000455e+03 4.570000000000000284e+01 4.567562000000000211e+01 3.510599999999999832e-01 6.511688999999999794e+01
3.390000000000000000e+03 4.575000000000000000e+01 4.569328999999999752e+01 8.166400000000000325e-01 6.516150000000000375e+01
3.399999999999999091e+03 4.579999999999999716e+01 4.568052999999999741e+01 1.720299999999999940e+00 6.511468999999999596e+01
3.410000000000000000e+03 4.585000000000000142e+01 4.573454999999999870e+01 1.662509999999999932e+00 6.520879999999999654e+01
3.419999999999999545e+03 4.589999999999999858e+01 4.598622000000000298e+01 -1.241530000000000022e+00 6.526918000000000575e+01
3.430000000000000455e+03 4.595000000000000284e+01 4.585520000000000351e+01 1.365110000000000046e+00 6.520123000000000957e+01
3.440000000000000000e+03 4.600000000000000000e+01 4.620420000000000016e+01 -2.940529999999999866e+00 6.522200999999999738e+01
3.449999999999999091e+03 4.604999999999999716e+01 4.613259000000000043e+01 -1.189349999999999907e+00 6.506928999999999519e+01
3.460000000000000000e+03 4.610000000000000142e+01 4.632932000000000272e+01 -3.302230000000000221e+00 6.500148000000000081e+01
3.469999999999999545e+03 4.614999999999999858e+01 4.597630000000000194e+01 2.501209999999999933e+00 6.501080000000000325e+01
3.480000000000000455e+03 4.620000000000000284e+01 4.611507999999999896e+01 1.222849999999999993e+00 6.504797999999999547e+01
3.490000000000000000e+03 4.625000000000000000e+01 4.614314000000000249e+01 1.538729999999999931e+00 6.512621000000000038e+01
3.499999999999999091e+03 4.629999999999999716e+01 4.653893000000000058e+01 -3.440630000000000077e+00 6.507725999999999544e+01
3.510000000000000000e+03 4.635000000000000142e+01 4.642960999999999672e+01 -1.146360000000000046e+00 6.496210999999999558e+01
3.519999999999999545e+03 4.639999999999999858e+01 4.639488000000000056e+01 7.378999999999999448e-02 6.488819000000000869e+01
3.530000000000000455e+03 4.645000000000000284e+01 4.639448000000000150e+01 7.995400000000000285e-01 6.493459000000000003e+01
3.540000000000000000e+03 4.650000000000000000e+01 4.677570000000000050e+01 -3.970099999999999962e+00 6.487415000000000020e+01
3.549999999999999091e+03 4.654999999999999716e+01 4.653793999999999897e+01 1.737299999999999955e-01 6.480978000000000350e+01
3.560000000000000000e+03 4.660000000000000142e+01 4.634281000000000006e+01 3.703580000000000094e+00 6.488998999999999739e+01
3.569999999999999545e+03 4.664999999999999858e+01 4.632657999999999987e+01 4.657239999999999824e+00 6.515999000000000763e+01
3.580000000000000455e+03 4.670000000000000284e+01 4.638866999999999763e+01 4.483130000000000059e+00 6.540994000000000597e+01
3.590000000000000000e+03 4.675000000000000000e+01 4.669617999999999824e+01 7.750000000000000222e-01 6.556131000000000597e+01
3.599999999999999091e+03 4.679999999999999716e+01 4.688542000000000343e+01 -1.230120000000000102e+00 6.558760999999999797e+01
3.610000000000000000e+03 4.685000000000000142e+01 4.672487000000000279e+01 1.801879999999999926e+00 6.552590000000000714e+01
3.619999999999999545e+03 4.689999999999999858e+01 4.707976000000000028e+01 -2.588470000000000049e+00 6.554892000000000962e+01
3.630000000000000455e+03 4.695000000000000284e+01 4.712002999999999986e+01 -2.448409999999999975e+00 6.537944000000000244e+01
3.640000000000000000e+03 4.700000000000000000e+01 4.734832999999999714e+01 -5.015970000000000262e+00 6.527214999999999634e+01
3.649999999999999091e+03 4.704999999999999716e+01 4.747205999999999904e+01 -6.077689999999999593e+00 6.512046999999999741e+01
3.660000000000000000e+03 4.710000000000000142e+01 4.724475000000000335e+01 -2.084350000000000147e+00 6.501667000000000485e+01
3.669999999999999545e+03 4.714999999999999858e+01 4.701292999999999722e+01 1.973770000000000024e+00 6.495933000000000845e+01
3.680000000000000455e+03 4.720000000000000284e+01 4.728938000000000130e+01 -1.287050000000000027e+00 6.499625000000000341e+01
3.690000000000000000e+03 4.725000000000000000e+01 4.700818000000000296e+01 3.482209999999999805e+00 6.503414000000000783e+01
3.699999999999999091e+03 4.729999999999999716e+01 4.671591000000000093e+01 8.410970000000000724e+00 6.521896999999999878e+01
3.710000000000000000e+03 4.735000000000000142e+01 4.707050999999999874e+01 4.024709999999999788e+00 6.548297000000000878e+01
3.719999999999999545e+03 4.739999999999999858e+01 4.737503000000000242e+01 3.595300000000000162e-01 6.559029999999999916e+01
3.730000000000000455e+03 4.745000000000000284e+01 4.754348000000000241e+01 -1.346060000000000034e+00 6.554598000000000013e+01
3.740000000000000000e+03 4.750000000000000000e+01 4.736354999999999649e+01 1.964900000000000091e+00 6.555974000000000501e+01
3.749999999999999091e+03 4.754999999999999716e+01 4.754693000000000325e+01 4.422000000000000236e-02 6.561348999999999876e+01
3.760000000000000000e+03 4.760000000000000142e+01 4.758091000000000292e+01 2.749300000000000077e-01 6.567215000000000202e+01
3.769999999999999545e+03 4.764999999999999858e+01 4.766320999999999941e+01 -1.902099999999999902e-01 6.569789000000000101e+01
3.780000000000000455e+03 4.770000000000000284e+01 4.770908000000000015e+01 -1.307000000000000106e-01 6.572646000000000299e+01
3.790000000000000000e+03 4.775000000000000000e+01 4.781329000000000207e+01 -9.113099999999999534e-01 6.565341999999999700e+01
3.799999999999999091e+03 4.779999999999999716e+01 4.762581000000000131e+01 2.508329999999999949e+00 6.574251999999999896e+01
3.810000000000000000e+03 4.785000000000000142e+01 4.716600999999999999e+01 9.849399999999999267e+00 6.608599999999999852e+01
3.819999999999999545e+03 4.789999999999999858e+01 4.759877999999999787e+01 4.337530000000000108e+00 6.645865000000000578e+01
3.830000000000000455e+03 4.795000000000000284e+01 4.751872999999999791e+01 6.210329999999999906e+00 6.678918000000000177e+01
3.840000000000000000e+03 4.800000000000000000e+01 4.746965999999999752e+01 7.636919999999999931e+00 6.716713000000000022e+01
3.849999999999999091e+03 4.804999999999999716e+01 4.763396999999999792e+01 5.990770000000000373e+00 6.748496000000000095e+01
3.860000000000000000e+03 4.810000000000000142e+01 4.790702000000000282e+01 2.778919999999999835e+00 6.768518000000000256e+01
3.869999999999999545e+03 4.814999999999999858e+01 4.789968999999999966e+01 3.604449999999999932e+00 6.781632000000000460e+01
3.880000000000000455e+03 4.820000000000000284e+01 4.824662000000000006e+01 -6.713099999999999623e-01 6.791561000000000092e+01
3.890000000000000000e+03 4.825000000000000000e+01 4.845320999999999856e+01 -2.926180000000000003e+00 6.770507000000000630e+01
3.899999999999999091e+03 4.829999999999999716e+01 4.807741999999999649e+01 3.205119999999999969e+00 6.772666000000000963e+01
3.910000000000000000e+03 4.835000000000000142e+01 4.820268999999999693e+01 2.121249999999999858e+00 6.769368000000000052e+01
3.919999999999999545e+03 4.839999999999999858e+01 4.864236999999999966e+01 -3.490110000000000046e+00 6.765462000000000842e+01
3.930000000000000455e+03 4.845000000000000284e+01 4.816787000000000063e+01 4.062689999999999912e+00 6.774831000000000358e+01
3.940000000000000000e+03 4.850000000000000000e+01 4.816450999999999993e+01 4.831080000000000041e+00 6.794254000000000815e+01
3.949999999999999091e+03 4.854999999999999716e+01 4.831647000000000247e+01 3.362820000000000142e+00 6.820234999999999559e+01
3.960000000000000000e+03 4.860000000000000142e+01 4.856333000000000055e+01 5.280000000000000249e-01 6.827792000000000883e+01
3.969999999999999545e+03 4.864999999999999858e+01 4.860826000000000136e+01 6.009900000000000242e-01 6.830948000000000775e+01
3.980000000000000455e+03 4.870000000000000284e+01 4.879171000000000191e+01 -1.320610000000000062e+00 6.827575000000000216e+01
3.990000000000000000e+03 4.875000000000000000e+01 4.881414999999999793e+01 -9.236999999999999655e-01 6.821334000000000231e+01
3.999999999999999091e+03 4.879999999999999716e+01 4.833550999999999931e+01 6.688699999999999868e+00 6.821334000000000231e+01
4.010000000000000000e+03 4.885000000000000142e+01 4.863378999999999763e+01 3.113379999999999814e+00 6.836057999999999879e+01
4.019999999999999545e+03 4.889999999999999858e+01 4.874351999999999663e+01 2.253369999999999873e+00 6.849456999999999596e+01
4.030000000000000455e+03 4.895000000000000284e+01 4.890910999999999831e+01 5.887999999999999901e-01 6.850692999999999699e+01
4.040000000000000000e+03 4.900000000000000000e+01 4.886202999999999719e+01 1.986699999999999910e+00 6.859848000000000923e+01
4.049999999999999091e+03 4.904999999999999716e+01 4.905837999999999965e+01 -1.207300000000000040e-01 6.870148000000000366e+01
4.060000000000000000e+03 4.910000000000000142e+01 4.924360000000000070e+01 -2.067790000000000017e+00 6.866706999999999539e+01
4.069999999999999545e+03 4.914999999999999858e+01 4.914524000000000115e+01 6.861000000000000432e-02 6.854757000000000744e+01
4.080000000000000455e+03 4.920000000000000284e+01 4.914484000000000208e+01 7.943000000000000060e-01 6.851149000000000910e+01
4.090000000000000000e+03 4.925000000000000000e+01 4.940637000000000256e+01 -2.251759999999999984e+00 6.842207000000000505e+01
4.099999999999999091e+03 4.929999999999999716e+01 4.945595999999999748e+01 -2.245820000000000149e+00 6.827528999999999826e+01
4.110000000000000000e+03 4.935000000000000142e+01 4.948895999999999873e+01 -2.001030000000000086e+00 6.822964000000000340e+01
4.119999999999999091e+03 4.939999999999999858e+01 4.955071000000000225e+01 -2.170230000000000103e+00 6.807688000000000272e+01
4.130000000000000000e+03 4.945000000000000284e+01 4.944205000000000183e+01 1.145199999999999968e-01 6.814381000000000199e+01
4.140000000000000000e+03 4.950000000000000000e+01 4.928743999999999659e+01 3.060839999999999783e+00 6.816657999999999618e+01
4.149999999999999091e+03 4.954999999999999716e+01 4.931606000000000023e+01 3.368710000000000093e+00 6.831647999999999854e+01
4.160000000000000000e+03 4.960000000000000142e+01 4.942213999999999885e+01 2.561249999999999805e+00 6.846054000000000883e+01
4.169999999999999091e+03 4.964999999999999858e+01 4.959214999999999662e+01 8.330499999999999572e-01 6.847928000000000281e+01
4.180000000000000000e+03 4.970000000000000284e+01 4.976727999999999952e+01 -9.687999999999999945e-01 6.851756000000000313e+01
4.190000000000000000e+03 4.975000000000000000e+01 4.923512000000000199e+01 7.414220000000000255e+00 6.867315000000000680e+01
4.199999999999999091e+03 4.979999999999999716e+01 4.963027000000000299e+01 2.444170000000000176e+00 6.895915999999999713e+01
4.210000000000000000e+03 4.985000000000000142e+01 4.972299000000000291e+01 1.828910000000000036e+00 6.908302000000000476e+01
4.219999999999999091e+03 4.989999999999999858e+01 5.003728000000000264e+01 -1.976820000000000022e+00 6.901022000000000389e+01
4.230000000000000000e+03 4.995000000000000284e+01 4.997608999999999924e+01 -3.756300000000000194e-01 6.901623000000000729e+01
4.240000000000000000e+03 5.000000000000000000e+01 5.005577000000000254e+01 -8.031599999999999850e-01 6.896111000000000502e+01
4.249999999999999091e+03 5.004999999999999716e+01 4.989479000000000042e+01 2.234999999999999876e+00 6.904309000000000651e+01
4.260000000000000000e+03 5.010000000000000142e+01 5.019633000000000322e+01 -1.387170000000000014e+00 6.909384000000000015e+01
4.269999999999999091e+03 5.014999999999999858e+01 5.029377999999999815e+01 -2.070419999999999927e+00 6.904788999999999533e+01
4.280000000000000000e+03 5.020000000000000284e+01 5.028322000000000003e+01 -1.198309999999999986e+00 6.891473000000000582e+01
4.290000000000000000e+03 5.025000000000000000e+01 5.040418999999999983e+01 -2.220320000000000071e+00 6.874639000000000522e+01
4.299999999999999091e+03 5.029999999999999716e+01 5.030734999999999957e+01 -1.058199999999999974e-01 6.860710000000000264e+01
4.310000000000000000e+03 5.035000000000000142e+01 5.041539000000000215e+01 -9.416499999999999870e-01 6.854655999999999949e+01
4.319999999999999091e+03 5.039999999999999858e+01 5.033422000000000196e+01 9.471699999999999564e-01 6.855769999999999698e+01
4.330000000000000000e+03 5.045000000000000284e+01 5.067916999999999916e+01 -3.300089999999999968e+00 6.854627000000000692e+01
4.340000000000000000e+03 5.050000000000000000e+01 5.055845000000000056e+01 -8.417400000000000437e-01 6.839542000000000144e+01
4.349999999999999091e+03 5.054999999999999716e+01 5.072726000000000113e+01 -2.552560000000000162e+00 6.831989000000000090e+01
4.360000000000000000e+03 5.060000000000000142e+01 5.090717000000000070e+01 -4.423210000000000086e+00 6.817557000000000755e+01
4.369999999999999091e+03 5.064999999999999858e+01 5.081284000000000134e+01 -2.344869999999999788e+00 6.807262000000000057e+01
4.380000000000000000e+03 5.070000000000000284e+01 5.091042999999999807e+01 -3.030209999999999848e+00 6.789408000000000243e+01
4.390000000000000000e+03 5.075000000000000000e+01 5.101122000000000156e+01 -3.761559999999999793e+00 6.780369000000000312e+01
4.399999999999999091e+03 5.079999999999999716e+01 5.099542999999999893e+01 -2.814229999999999787e+00 6.776180999999999699e+01
4.410000000000000000e+03 5.085000000000000142e+01 5.119445999999999941e+01 -4.960270000000000401e+00 6.754954999999999643e+01
4.419999999999999091e+03 5.089999999999999858e+01 5.101521000000000328e+01 -1.659010000000000096e+00 6.749275000000000091e+01
4.430000000000000000e+03 5.095000000000000284e+01 5.085931000000000068e+01 1.305940000000000101e+00 6.758808000000000504e+01
4.440000000000000000e+03 5.100000000000000000e+01 5.057188000000000017e+01 6.164990000000000414e+00 6.770346000000000686e+01
4.449999999999999091e+03 5.104999999999999716e+01 5.093842000000000070e+01 1.606740000000000057e+00 6.792023000000000366e+01
4.460000000000000000e+03 5.110000000000000142e+01 5.110070000000000334e+01 -1.014999999999999930e-02 6.798762000000000683e+01
4.469999999999999091e+03 5.114999999999999858e+01 5.084087999999999852e+01 4.451349999999999696e+00 6.819876000000000715e+01
4.480000000000000000e+03 5.120000000000000284e+01 5.093200999999999823e+01 3.859080000000000066e+00 6.843166000000000793e+01
4.490000000000000000e+03 5.125000000000000000e+01 5.122169999999999845e+01 4.074900000000000189e-01 6.847437000000000751e+01
4.499999999999999091e+03 5.129999999999999716e+01 5.123011999999999944e+01 1.006229999999999958e+00 6.844688000000000727e+01
4.510000000000000000e+03 5.135000000000000142e+01 5.144767999999999830e+01 -1.406579999999999941e+00 6.837171000000000731e+01
4.519999999999999091e+03 5.139999999999999858e+01 5.154066000000000258e+01 -2.025549999999999962e+00 6.830312999999999590e+01
4.530000000000000000e+03 5.145000000000000284e+01 5.160108000000000317e+01 -2.175510000000000055e+00 6.820215000000000316e+01
4.540000000000000000e+03 5.150000000000000000e+01 5.146587999999999852e+01 4.912799999999999945e-01 6.814491999999999905e+01
4.549999999999999091e+03 5.154999999999999716e+01 5.136336000000000013e+01 2.687609999999999832e+00 6.821856999999999971e+01
4.560000000000000000e+03 5.160000000000000142e+01 5.211453999999999809e+01 -7.409320000000000128e+00 6.814571000000000822e+01
4.569999999999999091e+03 5.164999999999999858e+01 5.173478000000000065e+01 -1.220900000000000096e+00 6.797525000000000261e+01
4.580000000000000000e+03 5.170000000000000284e+01 5.201364999999999839e+01 -4.516619999999999635e+00 6.782488999999999635e+01
4.590000000000000000e+03 5.175000000000000000e+01 5.197641000000000133e+01 -3.260310000000000041e+00 6.759881000000000029e+01
4.599999999999999091e+03 5.179999999999999716e+01 5.216161000000000314e+01 -5.207130000000000258e+00 6.743631000000000597e+01
4.610000000000000000e+03 5.185000000000000142e+01 5.182974000000000103e+01 2.916699999999999848e-01 6.731238000000000454e+01
4.619999999999999091e+03 5.189999999999999858e+01 5.174457999999999913e+01 2.238059999999999938e+00 6.743367000000000644e+01
4.630000000000000000e+03 5.195000000000000284e+01 5.173183000000000220e+01 3.141610000000000014e+00 6.750764000000000919e+01
4.640000000000000000e+03 5.200000000000000000e+01 5.182757000000000147e+01 2.482930000000000081e+00 6.764987999999999602e+01
4.649999999999999091e+03 5.204999999999999716e+01 5.156506000000000256e+01 6.983130000000000059e+00 6.782063000000000841e+01
4.660000000000000000e+03 5.210000000000000142e+01 5.180514999999999759e+01 4.245910000000000295e+00 6.800558999999999799e+01
4.669999999999999091e+03 5.214999999999999858e+01 5.176915000000000333e+01 5.484289999999999665e+00 6.824472000000000094e+01
4.680000000000000000e+03 5.220000000000000284e+01 5.211480000000000246e+01 1.226839999999999931e+00 6.849096000000000117e+01
4.690000000000000000e+03 5.225000000000000000e+01 5.240489999999999782e+01 -2.230609999999999982e+00 6.839472000000000662e+01
4.699999999999999091e+03 5.229999999999999716e+01 5.270557999999999765e+01 -5.840360000000000440e+00 6.818474000000000501e+01
4.710000000000000000e+03 5.235000000000000142e+01 5.267694000000000187e+01 -4.708000000000000185e+00 6.789176000000000499e+01
4.719999999999999091e+03 5.239999999999999858e+01 5.195917000000000030e+01 6.347900000000000098e+00 6.796182000000000301e+01
4.730000000000000000e+03 5.245000000000000284e+01 5.228838999999999970e+01 2.327139999999999986e+00 6.817959000000000458e+01
4.740000000000000000e+03 5.250000000000000000e+01 5.200169999999999959e+01 7.175519999999999676e+00 6.830971999999999866e+01
4.749999999999999091e+03 5.254999999999999716e+01 5.208556000000000097e+01 6.687990000000000101e+00 6.852524999999999977e+01
4.760000000000000000e+03 5.260000000000000142e+01 5.208717999999999648e+01 7.384599999999999831e+00 6.879891000000000645e+01
4.769999999999999091e+03 5.264999999999999858e+01 5.232104999999999961e+01 4.736900000000000333e+00 6.920221000000000799e+01
4.780000000000000000e+03 5.270000000000000284e+01 5.249922000000000111e+01 2.891300000000000203e+00 6.935441000000000145e+01
4.790000000000000000e+03 5.275000000000000000e+01 5.243744999999999834e+01 4.500770000000000159e+00 6.954000000000000625e+01
4.799999999999999091e+03 5.279999999999999716e+01 5.237747999999999848e+01 6.084259999999999557e+00 6.978961999999999932e+01
4.810000000000000000e+03 5.285000000000000142e+01 5.252667999999999893e+01 4.655840000000000423e+00 6.997834000000000287e+01
4.819999999999999091e+03 5.289999999999999858e+01 5.297954000000000008e+01 -1.145399999999999974e+00 7.008889999999999532e+01
4.830000000000000000e+03 5.295000000000000284e+01 5.305357000000000056e+01 -1.491379999999999928e+00 7.003636000000000195e+01
4.840000000000000000e+03 5.300000000000000000e+01 5.291055000000000064e+01 1.288070000000000048e+00 7.009480999999999540e+01
4.849999999999999091e+03 5.304999999999999716e+01 5.293907000000000096e+01 1.597329999999999917e+00 7.008862000000000592e+01
4.860000000000000000e+03 5.310000000000000142e+01 5.316122000000000014e+01 -8.815100000000000158e-01 7.018032999999999788e+01
4.869999999999999091e+03 5.314999999999999858e+01 5.279496999999999929e+01 5.112420000000000186e+00 7.025712000000000046e+01
4.880000000000000000e+03 5.320000000000000284e+01 5.300867999999999824e+01 2.755050000000000221e+00 7.036399000000000115e+01
4.890000000000000000e+03 5.325000000000000000e+01 5.342143000000000086e+01 -2.468580000000000219e+00 7.045837000000000216e+01
4.899999999999999091e+03 5.329999999999999716e+01 5.368753000000000242e+01 -5.580440000000000289e+00 7.022025999999999613e+01
4.910000000000000000e+03 5.335000000000000142e+01 5.332063999999999737e+01 4.227099999999999747e-01 7.004053000000000395e+01
4.919999999999999091e+03 5.339999999999999858e+01 5.332757999999999754e+01 1.042810000000000015e+00 7.011545999999999879e+01
4.930000000000000000e+03 5.345000000000000284e+01 5.324159000000000219e+01 3.001170000000000115e+00 7.017354000000000269e+01
4.940000000000000000e+03 5.350000000000000000e+01 5.341622000000000270e+01 1.206390000000000073e+00 7.029039000000000215e+01
4.949999999999999091e+03 5.354999999999999716e+01 5.356201000000000079e+01 -1.728800000000000059e-01 7.037312000000000012e+01
4.960000000000000000e+03 5.360000000000000142e+01 5.365637999999999863e+01 -8.118600000000000261e-01 7.041958999999999946e+01
4.969999999999999091e+03 5.364999999999999858e+01 5.388089999999999691e+01 -3.324889999999999901e+00 7.032925000000000182e+01
4.980000000000000000e+03 5.370000000000000284e+01 5.389005999999999830e+01 -2.736839999999999939e+00 7.023976000000000397e+01
4.990000000000000000e+03 5.375000000000000000e+01 5.407032000000000238e+01 -4.612669999999999604e+00 7.011835999999999558e+01
4.999999999999999091e+03 5.379999999999999716e+01 5.390630000000000166e+01 -1.530710000000000015e+00 7.011835999999999558e+01
5.010000000000000000e+03 5.385000000000000142e+01 5.402920999999999907e+01 -2.580630000000000202e+00 6.989486999999999739e+01
5.019999999999999091e+03 5.389999999999999858e+01 5.395964000000000027e+01 -8.588599999999999568e-01 6.990766999999999598e+01
5.030000000000000000e+03 5.395000000000000284e+01 5.402750999999999948e+01 -1.116149999999999975e+00 6.994845999999999719e+01
5.040000000000000000e+03 5.400000000000000000e+01 5.365232000000000312e+01 5.006560000000000343e+00 7.012865999999999644e+01
5.049999999999999091e+03 5.404999999999999716e+01 5.389321000000000339e+01 2.257789999999999964e+00 7.031963999999999260e+01
5.060000000000000000e+03 5.410000000000000142e+01 5.388503000000000043e+01 3.095509999999999984e+00 7.037883999999999673e+01
5.069999999999999091e+03 5.414999999999999858e+01 5.405481000000000336e+01 1.370780000000000109e+00 7.045166999999999291e+01
5.080000000000000000e+03 5.420000000000000284e+01 5.374009000000000214e+01 6.622770000000000046e+00 7.067698999999998932e+01
5.090000000000000000e+03 5.425000000000000000e+01 5.405810000000000315e+01 2.763360000000000039e+00 7.096271000000000129e+01
5.099999999999999091e+03 5.429999999999999716e+01 5.423572000000000060e+01 9.255600000000000493e-01 7.106888999999999612e+01
5.110000000000000000e+03 5.435000000000000142e+01 5.413741000000000270e+01 3.061300000000000132e+00 7.111433999999999855e+01
5.119999999999999091e+03 5.439999999999999858e+01 5.421730999999999767e+01 2.630679999999999907e+00 7.130007999999999413e+01
5.130000000000000000e+03 5.445000000000000284e+01 5.416461999999999932e+01 4.109499999999999709e+00 7.146384999999999366e+01
5.140000000000000000e+03 5.450000000000000000e+01 5.439390000000000214e+01 1.527800000000000047e+00 7.160470999999999719e+01
5.149999999999999091e+03 5.454999999999999716e+01 5.455320999999999998e+01 -4.623000000000000026e-02 7.159666999999998893e+01
5.160000000000000000e+03 5.460000000000000142e+01 5.466882999999999981e+01 -9.911400000000000210e-01 7.162435999999999581e+01
5.169999999999999091e+03 5.464999999999999858e+01 5.489222999999999786e+01 -3.488090000000000135e+00 7.153351999999999578e+01
5.180000000000000000e+03 5.470000000000000284e+01 5.517676000000000158e+01 -6.865370000000000417e+00 7.127443999999999846e+01
5.190000000000000000e+03 5.475000000000000000e+01 5.460159000000000162e+01 2.137100000000000222e+00 7.111883999999999162e+01
5.199999999999999091e+03 5.479999999999999716e+01 5.469057999999999709e+01 1.575690000000000035e+00 7.123107999999999151e+01
5.210000000000000000e+03 5.485000000000000142e+01 5.474949000000000154e+01 1.447270000000000056e+00 7.132702999999999349e+01
5.219999999999999091e+03 5.489999999999999858e+01 5.513555999999999813e+01 -3.392069999999999919e+00 7.125804999999999723e+01
5.230000000000000000e+03 5.495000000000000284e+01 5.478052000000000277e+01 2.440469999999999917e+00 7.114540999999999826e+01
