# t_ps  r2_target_Ang  dist_Ang  force_kcal_per_mol_per_Ang  work_cum_kcal_per_mol
0.000000000000000000e+00 2.880000000000000071e+01 3.127384999999999948e+01 -3.562342999999999904e+01 0.000000000000000000e+00
1.000000000000014211e+01 2.885000000000000142e+01 3.038511000000000095e+01 -2.210559999999999903e+01 0.000000000000000000e+00
1.999999999999957367e+01 2.889999999999999858e+01 3.008380000000000010e+01 -1.704674999999999940e+01 -9.877699999999998148e-01
2.999999999999971578e+01 2.894999999999999929e+01 2.989489999999999981e+01 -1.360655999999999999e+01 -1.805309999999999970e+00
3.999999999999985789e+01 2.900000000000000000e+01 2.994263000000000119e+01 -1.357393000000000072e+01 -2.445609999999999840e+00
5.000000000000000000e+01 2.905000000000000071e+01 2.951362999999999914e+01 -6.676239999999999952e+00 -2.980459999999999887e+00
6.000000000000014211e+01 2.910000000000000142e+01 2.966058999999999912e+01 -8.072449999999999903e+00 -3.362999999999999545e+00
6.999999999999957367e+01 2.914999999999999858e+01 2.965355999999999881e+01 -7.251219999999999999e+00 -3.676590000000000025e+00
7.999999999999971578e+01 2.919999999999999929e+01 2.970377999999999830e+01 -7.254389999999999894e+00 -4.098320000000000185e+00
8.999999999999985789e+01 2.925000000000000000e+01 2.978791999999999973e+01 -7.746100000000000207e+00 -4.497790000000000177e+00
1.000000000000000000e+02 2.930000000000000071e+01 3.004118000000000066e+01 -1.067296999999999940e+01 -4.933279999999999887e+00
1.100000000000001421e+02 2.935000000000000142e+01 2.956890999999999892e+01 -3.152289999999999814e+00 -5.248990000000000045e+00
1.199999999999995737e+02 2.939999999999999858e+01 2.947225999999999857e+01 -1.040550000000000086e+00 -5.369530000000000136e+00
1.299999999999997158e+02 2.944999999999999929e+01 2.953466999999999842e+01 -1.219189999999999996e+00 -5.430080000000000240e+00
1.399999999999998579e+02 2.950000000000000000e+01 2.977644000000000091e+01 -3.980789999999999829e+00 -5.565190000000000303e+00
1.500000000000000000e+02 2.955000000000000071e+01 2.958481000000000094e+01 -5.012199999999999989e-01 -5.658760000000000012e+00
1.600000000000001421e+02 2.960000000000000142e+01 2.966693000000000069e+01 -9.637900000000000356e-01 -5.738159999999999705e+00
1.699999999999995737e+02 2.964999999999999858e+01 2.965934000000000026e+01 -1.344599999999999962e-01 -5.708450000000000024e+00
1.799999999999997158e+02 2.969999999999999929e+01 2.953761000000000081e+01 2.338350000000000151e+00 -5.601239999999999775e+00
1.899999999999998579e+02 2.975000000000000000e+01 2.970576000000000150e+01 6.369899999999999451e-01 -5.514800000000000146e+00
2.000000000000000000e+02 2.980000000000000071e+01 2.988213000000000008e+01 -1.182679999999999954e+00 -5.471379999999999910e+00
2.100000000000001421e+02 2.985000000000000142e+01 2.990834999999999866e+01 -8.401999999999999469e-01 -5.520660000000000345e+00
2.199999999999995737e+02 2.989999999999999858e+01 3.008551999999999893e+01 -2.671419999999999906e+00 -5.652420000000000222e+00
2.299999999999997158e+02 2.994999999999999929e+01 2.970702999999999960e+01 3.498740000000000183e+00 -5.656259999999999621e+00
2.399999999999998579e+02 3.000000000000000000e+01 3.017378000000000071e+01 -2.502429999999999932e+00 -5.715499999999999581e+00
2.500000000000000000e+02 3.005000000000000071e+01 3.025545999999999935e+01 -2.958660000000000068e+00 -5.776329999999999742e+00
2.600000000000001137e+02 3.010000000000000142e+01 3.020100000000000051e+01 -1.454329999999999901e+00 -5.898299999999999876e+00
2.699999999999995453e+02 3.014999999999999858e+01 3.032919000000000054e+01 -2.580290000000000195e+00 -5.982870000000000132e+00
2.799999999999997158e+02 3.019999999999999929e+01 3.026963999999999899e+01 -1.002850000000000019e+00 -6.103259999999999685e+00
2.899999999999998295e+02 3.025000000000000000e+01 3.015874000000000166e+01 1.314200000000000035e+00 -6.131240000000000023e+00
3.000000000000000000e+02 3.030000000000000071e+01 3.053929000000000116e+01 -3.445819999999999883e+00 -6.141530000000000378e+00
3.100000000000001137e+02 3.035000000000000142e+01 3.048191999999999879e+01 -1.899659999999999904e+00 -6.332089999999999996e+00
3.199999999999995453e+02 3.039999999999999858e+01 3.035288999999999859e+01 6.784299999999999775e-01 -6.355839999999999712e+00
3.299999999999997158e+02 3.044999999999999929e+01 3.031754000000000104e+01 1.907419999999999893e+00 -6.321089999999999876e+00
3.399999999999998295e+02 3.050000000000000000e+01 3.047336999999999918e+01 3.835299999999999820e-01 -6.223959999999999937e+00
3.500000000000000000e+02 3.055000000000000071e+01 3.054690000000000083e+01 4.467000000000000137e-02 -6.221820000000000128e+00
3.600000000000001137e+02 3.060000000000000142e+01 3.053744000000000014e+01 9.008000000000000451e-01 -6.166209999999999525e+00
3.699999999999995453e+02 3.064999999999999858e+01 3.069028000000000134e+01 -5.799600000000000311e-01 -6.087110000000000021e+00
3.799999999999997158e+02 3.069999999999999929e+01 3.063084999999999880e+01 9.957500000000000240e-01 -6.039620000000000211e+00
3.899999999999998295e+02 3.075000000000000000e+01 3.040164000000000044e+01 5.016399999999999970e+00 -5.853439999999999976e+00
4.000000000000000000e+02 3.080000000000000071e+01 3.056263999999999825e+01 3.418039999999999967e+00 -5.652330000000000076e+00
4.100000000000001137e+02 3.085000000000000142e+01 3.066060999999999837e+01 2.727250000000000174e+00 -5.464780000000000193e+00
4.199999999999995453e+02 3.089999999999999858e+01 3.077881999999999962e+01 1.744979999999999976e+00 -5.360170000000000101e+00
4.299999999999997158e+02 3.094999999999999929e+01 3.066529999999999845e+01 4.099730000000000096e+00 -5.256160000000000387e+00
4.399999999999998295e+02 3.100000000000000000e+01 3.059093000000000018e+01 5.890609999999999680e+00 -5.021930000000000227e+00
4.500000000000000000e+02 3.105000000000000071e+01 3.090187999999999846e+01 2.132880000000000109e+00 -4.749959999999999738e+00
4.600000000000001137e+02 3.110000000000000142e+01 3.082873999999999981e+01 3.906159999999999854e+00 -4.600670000000000037e+00
4.699999999999995453e+02 3.114999999999999858e+01 3.059887000000000157e+01 7.936270000000000380e+00 -4.359989999999999810e+00
4.799999999999997158e+02 3.119999999999999929e+01 3.061537999999999826e+01 8.418490000000000251e+00 -3.946060000000000123e+00
4.899999999999998295e+02 3.125000000000000000e+01 3.103622999999999976e+01 3.078219999999999956e+00 -3.612140000000000128e+00
5.000000000000000000e+02 3.130000000000000071e+01 3.120938999999999908e+01 1.304810000000000025e+00 -3.448730000000000295e+00
5.100000000000001137e+02 3.135000000000000142e+01 3.091664000000000101e+01 6.240350000000000286e+00 -3.222150000000000070e+00
5.199999999999995453e+02 3.139999999999999858e+01 3.093298000000000059e+01 6.725120000000000431e+00 -2.860229999999999606e+00
5.299999999999996589e+02 3.144999999999999929e+01 3.107501999999999853e+01 5.399689999999999657e+00 -2.548579999999999846e+00
5.399999999999998863e+02 3.150000000000000000e+01 3.113363000000000014e+01 5.275660000000000238e+00 -2.247669999999999835e+00
5.500000000000000000e+02 3.155000000000000071e+01 3.111637999999999948e+01 6.244119999999999671e+00 -1.924659999999999815e+00
5.600000000000001137e+02 3.160000000000000142e+01 3.110181000000000040e+01 7.173910000000000231e+00 -1.607250000000000068e+00
5.699999999999995453e+02 3.164999999999999858e+01 3.148582000000000036e+01 2.364160000000000039e+00 -1.352459999999999773e+00
5.799999999999996589e+02 3.169999999999999929e+01 3.156084999999999852e+01 2.003719999999999946e+00 -1.232289999999999885e+00
5.899999999999998863e+02 3.175000000000000000e+01 3.153286999999999907e+01 3.126630000000000020e+00 -1.182939999999999880e+00
6.000000000000000000e+02 3.180000000000000071e+01 3.168077999999999861e+01 1.716730000000000089e+00 -1.071959999999999802e+00
6.100000000000001137e+02 3.185000000000000142e+01 3.166385000000000005e+01 2.680540000000000145e+00 -9.303900000000000503e-01
6.199999999999995453e+02 3.189999999999999858e+01 3.140927999999999898e+01 7.066390000000000171e+00 -7.309499999999999886e-01
6.299999999999996589e+02 3.194999999999999929e+01 3.140036999999999878e+01 7.914699999999999847e+00 -3.529599999999999405e-01
6.399999999999998863e+02 3.200000000000000000e+01 3.176188000000000144e+01 3.428869999999999862e+00 -4.733999999999993769e-02
6.499999999999993179e+02 3.204999999999999716e+01 3.191743999999999915e+01 1.908879999999999910e+00 5.569000000000001727e-02
6.600000000000001137e+02 3.210000000000000142e+01 3.198295999999999850e+01 1.685300000000000020e+00 1.593500000000001027e-01
6.699999999999995453e+02 3.214999999999999858e+01 3.184673000000000087e+01 4.367090000000000138e+00 3.828400000000000691e-01
6.800000000000004547e+02 3.220000000000000284e+01 3.179757999999999996e+01 5.794800000000000395e+00 5.999700000000000033e-01
6.899999999999998863e+02 3.225000000000000000e+01 3.201084000000000174e+01 3.443869999999999987e+00 8.761600000000000499e-01
6.999999999999993179e+02 3.229999999999999716e+01 3.211478999999999928e+01 2.667069999999999830e+00 1.001030000000000086e+00
7.100000000000001137e+02 3.235000000000000142e+01 3.193259000000000114e+01 6.010760000000000325e+00 1.235279999999999934e+00
7.199999999999995453e+02 3.239999999999999858e+01 3.186186999999999969e+01 7.749060000000000059e+00 1.547009999999999996e+00
7.300000000000004547e+02 3.245000000000000284e+01 3.210656999999999783e+01 4.945429999999999993e+00 1.854649999999999910e+00
7.399999999999998863e+02 3.250000000000000000e+01 3.216356999999999999e+01 4.844619999999999926e+00 2.070770000000000000e+00
7.499999999999993179e+02 3.254999999999999716e+01 3.204352999999999696e+01 7.293180000000000440e+00 2.451559999999999739e+00
7.600000000000001137e+02 3.260000000000000142e+01 3.221359000000000350e+01 5.564320000000000377e+00 2.757159999999999833e+00
7.699999999999995453e+02 3.264999999999999858e+01 3.248017000000000110e+01 2.445590000000000153e+00 2.996609999999999996e+00
7.800000000000004547e+02 3.270000000000000284e+01 3.238824000000000325e+01 4.489359999999999573e+00 3.138370000000000104e+00
7.899999999999998863e+02 3.275000000000000000e+01 3.249887999999999977e+01 3.616109999999999935e+00 3.371739999999999959e+00
7.999999999999993179e+02 3.279999999999999716e+01 3.243529999999999802e+01 5.251710000000000100e+00 3.626910000000000078e+00
8.100000000000001137e+02 3.285000000000000142e+01 3.253598999999999819e+01 4.521709999999999674e+00 3.841559999999999864e+00
8.199999999999995453e+02 3.289999999999999858e+01 3.258767000000000280e+01 4.497609999999999886e+00 4.030229999999999535e+00
8.300000000000004547e+02 3.295000000000000284e+01 3.248716000000000292e+01 6.664909999999999890e+00 4.309470000000000134e+00
8.399999999999998863e+02 3.300000000000000000e+01 3.259866999999999848e+01 5.779139999999999944e+00 4.653439999999999799e+00
8.499999999999993179e+02 3.304999999999999716e+01 3.251276000000000010e+01 7.736250000000000071e+00 5.038429999999999964e+00
8.600000000000001137e+02 3.310000000000000142e+01 3.266543999999999670e+01 6.257690000000000197e+00 5.368489999999999540e+00
8.699999999999995453e+02 3.314999999999999858e+01 3.269823999999999842e+01 6.505399999999999849e+00 5.655020000000000380e+00
8.800000000000004547e+02 3.320000000000000284e+01 3.278143000000000029e+01 6.027389999999999581e+00 5.996000000000000441e+00
8.899999999999998863e+02 3.325000000000000000e+01 3.277976000000000312e+01 6.771499999999999631e+00 6.364419999999999966e+00
8.999999999999993179e+02 3.329999999999999716e+01 3.268945999999999685e+01 8.791729999999999379e+00 6.733530000000000015e+00
9.100000000000001137e+02 3.335000000000000142e+01 3.296564999999999657e+01 5.534650000000000070e+00 7.137970000000000148e+00
9.199999999999995453e+02 3.339999999999999858e+01 3.298049000000000319e+01 6.040939999999999976e+00 7.499030000000000307e+00
9.300000000000004547e+02 3.345000000000000284e+01 3.283549000000000007e+01 8.848929999999999296e+00 7.881520000000000081e+00
9.399999999999998863e+02 3.350000000000000000e+01 3.276489999999999725e+01 1.058544999999999980e+01 8.363009999999999167e+00
9.499999999999993179e+02 3.354999999999999716e+01 3.291591999999999985e+01 9.130810000000000315e+00 8.800979999999999137e+00
9.600000000000001137e+02 3.360000000000000142e+01 3.321009000000000100e+01 5.614749999999999908e+00 9.181660000000000821e+00
9.699999999999995453e+02 3.364999999999999858e+01 3.329216000000000264e+01 5.152890000000000192e+00 9.515990000000000393e+00
9.800000000000004547e+02 3.370000000000000284e+01 3.333688999999999680e+01 5.228830000000000311e+00 9.817320000000000491e+00
9.899999999999998863e+02 3.375000000000000000e+01 3.315532000000000323e+01 8.563390000000000057e+00 1.021364999999999945e+01
9.999999999999993179e+02 3.379999999999999716e+01 3.309837999999999880e+01 1.010328999999999944e+01 1.021364999999999945e+01
1.010000000000000114e+03 3.385000000000000142e+01 3.342204000000000264e+01 6.162679999999999936e+00 1.054791999999999952e+01
1.019999999999999545e+03 3.389999999999999858e+01 3.306414000000000186e+01 1.203641000000000005e+01 1.090033000000000030e+01
1.030000000000000455e+03 3.395000000000000284e+01 3.324633999999999645e+01 1.013274999999999970e+01 1.139654999999999951e+01
1.039999999999999773e+03 3.400000000000000000e+01 3.349425999999999704e+01 7.282619999999999649e+00 1.183453999999999873e+01
1.049999999999999318e+03 3.404999999999999716e+01 3.331036999999999892e+01 1.065071000000000012e+01 1.221309999999999896e+01
1.060000000000000227e+03 3.410000000000000142e+01 3.339900999999999698e+01 1.009425000000000061e+01 1.283336999999999861e+01
1.069999999999999545e+03 3.414999999999999858e+01 3.373610000000000042e+01 5.960200000000000387e+00 1.317051000000000016e+01
1.080000000000000455e+03 3.420000000000000284e+01 3.381951000000000107e+01 5.479090000000000238e+00 1.341512999999999955e+01
1.089999999999999773e+03 3.425000000000000000e+01 3.381517999999999802e+01 6.261420000000000208e+00 1.365537999999999919e+01
1.099999999999999318e+03 3.429999999999999716e+01 3.409450999999999965e+01 2.959020000000000206e+00 1.390186999999999884e+01
1.110000000000000227e+03 3.435000000000000142e+01 3.415330999999999761e+01 2.832409999999999872e+00 1.406360999999999883e+01
1.119999999999999545e+03 3.439999999999999858e+01 3.403732999999999720e+01 5.222489999999999633e+00 1.423551999999999929e+01
1.130000000000000455e+03 3.445000000000000284e+01 3.423071999999999804e+01 3.157570000000000210e+00 1.443021999999999849e+01
1.139999999999999773e+03 3.450000000000000000e+01 3.423901999999999646e+01 3.758070000000000022e+00 1.458306999999999931e+01
1.149999999999999318e+03 3.454999999999999716e+01 3.424799999999999756e+01 4.348790000000000155e+00 1.479815999999999931e+01
1.160000000000000227e+03 3.460000000000000142e+01 3.406508000000000180e+01 7.702910000000000146e+00 1.517581999999999987e+01
1.169999999999999545e+03 3.464999999999999858e+01 3.391246000000000294e+01 1.062057000000000073e+01 1.564014999999999844e+01
1.180000000000000455e+03 3.470000000000000284e+01 3.407898000000000138e+01 8.942619999999999791e+00 1.605676000000000059e+01
1.189999999999999773e+03 3.475000000000000000e+01 3.434628000000000014e+01 5.813570000000000348e+00 1.641216999999999970e+01
1.199999999999999318e+03 3.479999999999999716e+01 3.418928999999999974e+01 8.794200000000000017e+00 1.682726999999999862e+01
1.210000000000000227e+03 3.485000000000000142e+01 3.411986000000000274e+01 1.051399999999999935e+01 1.726173000000000002e+01
1.219999999999999545e+03 3.489999999999999858e+01 3.446414000000000044e+01 6.276430000000000398e+00 1.771403000000000105e+01
1.230000000000000455e+03 3.495000000000000284e+01 3.460766000000000275e+01 4.929700000000000415e+00 1.799670000000000059e+01
1.239999999999999773e+03 3.500000000000000000e+01 3.442730000000000246e+01 8.246909999999999741e+00 1.835002000000000066e+01
1.249999999999999318e+03 3.504999999999999716e+01 3.470125999999999777e+01 5.021849999999999703e+00 1.869261999999999802e+01
1.260000000000000227e+03 3.510000000000000142e+01 3.465986999999999796e+01 6.337810000000000166e+00 1.906165999999999983e+01
1.269999999999999545e+03 3.514999999999999858e+01 3.508867999999999654e+01 8.829399999999999471e-01 1.925287999999999755e+01
1.280000000000000455e+03 3.520000000000000284e+01 3.476100999999999885e+01 6.321439999999999948e+00 1.944243000000000166e+01
1.289999999999999773e+03 3.525000000000000000e+01 3.485081000000000273e+01 5.748310000000000031e+00 1.971848999999999918e+01
1.299999999999999318e+03 3.529999999999999716e+01 3.500730999999999682e+01 4.214710000000000178e+00 1.997800000000000153e+01
1.310000000000000227e+03 3.535000000000000142e+01 3.509662000000000148e+01 3.648620000000000196e+00 2.011402000000000001e+01
1.319999999999999545e+03 3.539999999999999858e+01 3.512337999999999738e+01 3.983270000000000088e+00 2.031963999999999970e+01
1.330000000000000455e+03 3.545000000000000284e+01 3.502539999999999765e+01 6.114289999999999559e+00 2.054384999999999906e+01
1.339999999999999773e+03 3.550000000000000000e+01 3.505066999999999666e+01 6.470329999999999693e+00 2.082968999999999937e+01
1.349999999999999318e+03 3.554999999999999716e+01 3.527922999999999831e+01 3.899129999999999985e+00 2.110477000000000203e+01
1.360000000000000227e+03 3.560000000000000142e+01 3.514477000000000118e+01 6.555299999999999905e+00 2.142727000000000004e+01
1.369999999999999545e+03 3.564999999999999858e+01 3.527450999999999937e+01 5.407079999999999664e+00 2.164524000000000115e+01
1.380000000000000455e+03 3.570000000000000284e+01 3.515323999999999671e+01 7.873370000000000424e+00 2.191188000000000002e+01
1.389999999999999773e+03 3.575000000000000000e+01 3.533688000000000073e+01 5.948979999999999713e+00 2.232493999999999801e+01
1.399999999999999318e+03 3.579999999999999716e+01 3.545120000000000005e+01 5.022730000000000139e+00 2.258637999999999835e+01
1.410000000000000000e+03 3.585000000000000142e+01 3.513421999999999912e+01 1.030725999999999942e+01 2.303679999999999950e+01
1.419999999999999545e+03 3.589999999999999858e+01 3.560253000000000156e+01 4.283579999999999721e+00 2.330516999999999683e+01
1.430000000000000455e+03 3.595000000000000284e+01 3.573172999999999888e+01 3.143089999999999939e+00 2.349334999999999951e+01
1.439999999999999773e+03 3.600000000000000000e+01 3.563351000000000113e+01 5.277449999999999974e+00 2.366183999999999799e+01
1.449999999999999318e+03 3.604999999999999716e+01 3.595457999999999998e+01 1.374030000000000085e+00 2.386873999999999896e+01
1.460000000000000000e+03 3.610000000000000142e+01 3.560911000000000115e+01 7.068850000000000300e+00 2.404021000000000186e+01
1.469999999999999545e+03 3.614999999999999858e+01 3.574497000000000213e+01 5.832440000000000069e+00 2.433511000000000024e+01
1.480000000000000455e+03 3.620000000000000284e+01 3.569648999999999717e+01 7.250530000000000364e+00 2.470929999999999893e+01
1.489999999999999773e+03 3.625000000000000000e+01 3.585229999999999961e+01 5.726860000000000284e+00 2.500694999999999979e+01
1.499999999999999318e+03 3.629999999999999716e+01 3.581745000000000090e+01 6.948780000000000179e+00 2.532540999999999798e+01
1.510000000000000000e+03 3.635000000000000142e+01 3.574752999999999759e+01 8.675530000000000186e+00 2.559545999999999921e+01
1.519999999999999545e+03 3.639999999999999858e+01 3.605906999999999840e+01 4.909460000000000157e+00 2.584272999999999954e+01
1.530000000000000455e+03 3.645000000000000284e+01 3.616015999999999764e+01 4.173739999999999561e+00 2.608921999999999741e+01
1.539999999999999773e+03 3.650000000000000000e+01 3.613418000000000063e+01 5.267859999999999765e+00 2.630653999999999826e+01
1.549999999999999318e+03 3.654999999999999716e+01 3.611449000000000353e+01 6.271379999999999733e+00 2.653419000000000239e+01
1.560000000000000000e+03 3.660000000000000142e+01 3.635224000000000188e+01 3.567730000000000068e+00 2.680680999999999869e+01
1.569999999999999545e+03 3.664999999999999858e+01 3.639052999999999827e+01 3.736299999999999955e+00 2.692714999999999748e+01
1.580000000000000455e+03 3.670000000000000284e+01 3.669693000000000183e+01 4.415999999999999787e-02 2.698796000000000106e+01
1.589999999999999773e+03 3.675000000000000000e+01 3.647344999999999970e+01 3.982380000000000031e+00 2.722531999999999641e+01
1.599999999999999318e+03 3.679999999999999716e+01 3.638235000000000241e+01 6.014140000000000263e+00 2.745752999999999844e+01
1.610000000000000000e+03 3.685000000000000142e+01 3.630380999999999858e+01 7.865090000000000359e+00 2.777412999999999954e+01
1.619999999999999545e+03 3.689999999999999858e+01 3.652566999999999808e+01 5.390410000000000146e+00 2.815780000000000172e+01
1.630000000000000455e+03 3.695000000000000284e+01 3.651601000000000141e+01 6.249469999999999636e+00 2.849389000000000038e+01
1.639999999999999773e+03 3.700000000000000000e+01 3.645255999999999830e+01 7.883099999999999774e+00 2.896240000000000236e+01
1.649999999999999318e+03 3.704999999999999716e+01 3.645335000000000036e+01 8.591829999999999856e+00 2.947126000000000090e+01
1.660000000000000000e+03 3.710000000000000142e+01 3.634400000000000119e+01 1.088645999999999958e+01 2.992802999999999969e+01
1.669999999999999545e+03 3.714999999999999858e+01 3.645524999999999949e+01 1.000439000000000078e+01 3.041991999999999763e+01
1.680000000000000455e+03 3.720000000000000284e+01 3.668860999999999706e+01 7.363999999999999879e+00 3.085143000000000058e+01
1.689999999999999773e+03 3.725000000000000000e+01 3.677313999999999794e+01 6.866799999999999571e+00 3.124155999999999977e+01
1.699999999999999318e+03 3.729999999999999716e+01 3.679811000000000121e+01 7.227179999999999715e+00 3.155279999999999774e+01
1.710000000000000000e+03 3.735000000000000142e+01 3.676661000000000001e+01 8.400819999999999510e+00 3.195223000000000013e+01
1.719999999999999545e+03 3.739999999999999858e+01 3.675122999999999962e+01 9.342269999999999186e+00 3.237002999999999986e+01
1.730000000000000455e+03 3.745000000000000284e+01 3.679899000000000342e+01 9.374499999999999389e+00 3.285679999999999978e+01
1.739999999999999773e+03 3.750000000000000000e+01 3.736265000000000214e+01 1.977850000000000108e+00 3.309465999999999752e+01
1.749999999999999318e+03 3.754999999999999716e+01 3.696842000000000183e+01 8.374719999999999942e+00 3.337718999999999880e+01
1.760000000000000000e+03 3.760000000000000142e+01 3.734394000000000347e+01 3.687190000000000190e+00 3.364191000000000287e+01
1.769999999999999545e+03 3.764999999999999858e+01 3.728529000000000337e+01 5.251820000000000377e+00 3.386753999999999820e+01
1.780000000000000455e+03 3.770000000000000284e+01 3.745452999999999832e+01 3.534710000000000019e+00 3.404796999999999940e+01
1.789999999999999773e+03 3.775000000000000000e+01 3.753405999999999665e+01 3.109510000000000218e+00 3.419203999999999866e+01
1.799999999999999318e+03 3.779999999999999716e+01 3.734940999999999889e+01 6.488509999999999778e+00 3.446752000000000038e+01
1.810000000000000000e+03 3.785000000000000142e+01 3.758498000000000161e+01 3.816320000000000157e+00 3.459839000000000198e+01
1.819999999999999545e+03 3.789999999999999858e+01 3.732238000000000255e+01 8.317729999999999180e+00 3.493303000000000225e+01
1.830000000000000455e+03 3.795000000000000284e+01 3.727940999999999860e+01 9.656510000000000815e+00 3.541693999999999676e+01
1.839999999999999773e+03 3.800000000000000000e+01 3.749423999999999779e+01 7.282989999999999853e+00 3.583708000000000027e+01
1.849999999999999318e+03 3.804999999999999716e+01 3.776113999999999749e+01 4.159580000000000055e+00 3.615641999999999712e+01
1.860000000000000000e+03 3.810000000000000142e+01 3.782303999999999888e+01 3.988239999999999785e+00 3.631118999999999630e+01
1.869999999999999545e+03 3.814999999999999858e+01 3.786211999999999733e+01 4.145480000000000054e+00 3.662937999999999761e+01
1.880000000000000455e+03 3.820000000000000284e+01 3.804457000000000022e+01 2.238129999999999953e+00 3.681530999999999665e+01
1.889999999999999773e+03 3.825000000000000000e+01 3.795580999999999960e+01 4.236369999999999969e+00 3.702013000000000176e+01
1.899999999999999318e+03 3.829999999999999716e+01 3.818612000000000251e+01 1.639869999999999939e+00 3.717582000000000164e+01
1.910000000000000000e+03 3.835000000000000142e+01 3.812527000000000044e+01 3.236079999999999846e+00 3.734049000000000262e+01
1.919999999999999545e+03 3.839999999999999858e+01 3.834660999999999831e+01 7.687899999999999734e-01 3.741810000000000258e+01
1.930000000000000455e+03 3.845000000000000284e+01 3.840724000000000160e+01 6.156899999999999595e-01 3.747404999999999831e+01
1.939999999999999773e+03 3.850000000000000000e+01 3.824575999999999709e+01 3.661049999999999915e+00 3.750050000000000239e+01
1.949999999999999318e+03 3.854999999999999716e+01 3.832961000000000240e+01 3.173599999999999977e+00 3.765690000000000026e+01
1.960000000000000000e+03 3.860000000000000142e+01 3.843184999999999718e+01 2.421419999999999906e+00 3.784353000000000122e+01
1.969999999999999545e+03 3.864999999999999858e+01 3.829979999999999762e+01 5.042900000000000382e+00 3.807670000000000243e+01
1.980000000000000455e+03 3.870000000000000284e+01 3.827096000000000231e+01 6.178189999999999849e+00 3.828710999999999842e+01
1.989999999999999773e+03 3.875000000000000000e+01 3.836135999999999768e+01 5.596350000000000158e+00 3.857135000000000247e+01
1.999999999999999318e+03 3.879999999999999716e+01 3.854686000000000234e+01 3.645280000000000076e+00 3.857135000000000247e+01
2.010000000000000000e+03 3.885000000000000142e+01 3.861771999999999849e+01 3.344869999999999788e+00 3.875248000000000559e+01
2.019999999999999545e+03 3.889999999999999858e+01 3.831277999999999651e+01 8.455959999999999255e+00 3.905645000000000522e+01
2.030000000000000455e+03 3.895000000000000284e+01 3.852557999999999794e+01 6.111659999999999648e+00 3.942641000000000417e+01
2.039999999999999773e+03 3.900000000000000000e+01 3.857793000000000205e+01 6.077869999999999884e+00 3.974871000000000265e+01
2.049999999999999091e+03 3.904999999999999716e+01 3.857683000000000106e+01 6.813710000000000377e+00 4.012360999999999933e+01
2.060000000000000000e+03 3.910000000000000142e+01 3.849631999999999721e+01 8.693059999999999121e+00 4.052723000000000297e+01
2.069999999999999545e+03 3.914999999999999858e+01 3.854795000000000016e+01 8.669579999999999842e+00 4.092898000000000280e+01
2.080000000000000455e+03 3.920000000000000284e+01 3.850601000000000340e+01 9.993420000000000414e+00 4.142619000000000540e+01
2.090000000000000000e+03 3.925000000000000000e+01 3.840079000000000065e+01 1.222860999999999976e+01 4.205946000000000140e+01
2.099999999999999091e+03 3.929999999999999716e+01 3.886699000000000126e+01 6.235400000000000276e+00 4.254352000000000089e+01
2.110000000000000000e+03 3.935000000000000142e+01 3.870651999999999759e+01 9.266090000000000160e+00 4.293407000000000551e+01
2.119999999999999545e+03 3.939999999999999858e+01 3.892293000000000092e+01 6.869790000000000063e+00 4.341566000000000258e+01
2.130000000000000455e+03 3.945000000000000284e+01 3.900451000000000334e+01 6.415099999999999802e+00 4.381092000000000297e+01
2.140000000000000000e+03 3.950000000000000000e+01 3.899698000000000064e+01 7.243479999999999919e+00 4.405279000000000167e+01
2.149999999999999091e+03 3.954999999999999716e+01 3.878607999999999834e+01 1.100043999999999933e+01 4.459318999999999988e+01
2.160000000000000000e+03 3.960000000000000142e+01 3.882784000000000191e+01 1.111917000000000044e+01 4.510922000000000054e+01
2.169999999999999545e+03 3.964999999999999858e+01 3.881886999999999688e+01 1.196832000000000029e+01 4.573387000000000313e+01
2.180000000000000455e+03 3.970000000000000284e+01 3.930143000000000342e+01 5.739440000000000097e+00 4.618289000000000044e+01
2.190000000000000000e+03 3.975000000000000000e+01 3.932923000000000258e+01 6.059110000000000440e+00 4.649159000000000219e+01
2.199999999999999091e+03 3.979999999999999716e+01 3.928506999999999749e+01 7.415009999999999657e+00 4.681415000000000504e+01
2.210000000000000000e+03 3.985000000000000142e+01 3.933371999999999957e+01 7.434459999999999624e+00 4.718822000000000116e+01
2.219999999999999545e+03 3.989999999999999858e+01 3.929397999999999769e+01 8.726699999999999235e+00 4.751838000000000051e+01
2.230000000000000455e+03 3.995000000000000284e+01 3.944127999999999901e+01 7.325619999999999798e+00 4.789703000000000088e+01
2.240000000000000000e+03 4.000000000000000000e+01 3.943366999999999933e+01 8.155110000000000525e+00 4.820060000000000144e+01
2.249999999999999091e+03 4.004999999999999716e+01 3.960249999999999915e+01 6.444009999999999572e+00 4.856126000000000431e+01
2.260000000000000000e+03 4.010000000000000142e+01 3.965346999999999866e+01 6.429969999999999963e+00 4.891903000000000645e+01
2.269999999999999545e+03 4.014999999999999858e+01 3.976373000000000246e+01 5.562310000000000088e+00 4.927708000000000510e+01
2.280000000000000455e+03 4.020000000000000284e+01 4.011173000000000144e+01 1.271039999999999948e+00 4.955525000000000091e+01
2.290000000000000000e+03 4.025000000000000000e+01 4.004028000000000276e+01 3.019950000000000134e+00 4.967896000000000356e+01
2.299999999999999091e+03 4.029999999999999716e+01 4.015055000000000263e+01 2.152060000000000084e+00 4.986795000000000044e+01
2.310000000000000000e+03 4.035000000000000142e+01 3.971822000000000230e+01 9.097680000000000433e+00 5.012937000000000154e+01
2.319999999999999545e+03 4.039999999999999858e+01 3.979538999999999760e+01 8.706340000000000856e+00 5.054771999999999821e+01
2.330000000000000455e+03 4.045000000000000284e+01 4.002781000000000233e+01 6.079480000000000217e+00 5.088777000000000328e+01
2.340000000000000000e+03 4.050000000000000000e+01 4.014621000000000350e+01 5.094630000000000436e+00 5.112951999999999941e+01
2.349999999999999091e+03 4.054999999999999716e+01 4.009317999999999671e+01 6.578260000000000218e+00 5.146538999999999930e+01
2.360000000000000000e+03 4.060000000000000142e+01 4.018189999999999884e+01 6.020620000000000083e+00 5.177949000000000268e+01
2.369999999999999545e+03 4.064999999999999858e+01 4.022144999999999726e+01 6.171079999999999899e+00 5.207732000000000028e+01
2.380000000000000455e+03 4.070000000000000284e+01 4.045378999999999792e+01 3.545420000000000016e+00 5.227425000000000210e+01
2.390000000000000000e+03 4.075000000000000000e+01 4.023127000000000209e+01 7.469769999999999577e+00 5.254446000000000083e+01
2.399999999999999091e+03 4.079999999999999716e+01 4.054281999999999897e+01 3.703370000000000051e+00 5.285054000000000229e+01
2.410000000000000000e+03 4.085000000000000142e+01 4.055901000000000067e+01 4.190269999999999939e+00 5.297487000000000279e+01
2.419999999999999545e+03 4.089999999999999858e+01 4.045631000000000199e+01 6.389179999999999637e+00 5.326595000000000368e+01
2.430000000000000455e+03 4.095000000000000284e+01 4.027315000000000111e+01 9.746570000000000178e+00 5.364051000000000613e+01
2.440000000000000000e+03 4.100000000000000000e+01 4.041259000000000157e+01 8.458650000000000446e+00 5.412380000000000280e+01
2.449999999999999091e+03 4.104999999999999716e+01 4.038297000000000025e+01 9.605169999999999320e+00 5.455671999999999855e+01
2.460000000000000000e+03 4.110000000000000142e+01 4.042549999999999955e+01 9.712730000000000530e+00 5.504577000000000453e+01
2.469999999999999545e+03 4.114999999999999858e+01 4.054899000000000342e+01 8.654600000000000293e+00 5.552871000000000379e+01
2.480000000000000455e+03 4.120000000000000284e+01 4.062991000000000241e+01 8.209329999999999572e+00 5.598447000000000173e+01
2.490000000000000000e+03 4.125000000000000000e+01 4.063530000000000086e+01 8.851679999999999993e+00 5.646410000000000196e+01
2.499999999999999091e+03 4.129999999999999716e+01 4.068252999999999986e+01 8.891550000000000509e+00 5.691694000000000386e+01
2.510000000000000000e+03 4.135000000000000142e+01 4.100169999999999959e+01 5.015559999999999796e+00 5.719226000000000454e+01
2.519999999999999545e+03 4.139999999999999858e+01 4.093569000000000102e+01 6.686079999999999579e+00 5.747310000000000230e+01
2.530000000000000455e+03 4.145000000000000284e+01 4.092831000000000330e+01 7.512340000000000018e+00 5.785326000000000590e+01
2.540000000000000000e+03 4.150000000000000000e+01 4.112619000000000113e+01 5.382799999999999585e+00 5.811048999999999864e+01
2.549999999999999091e+03 4.154999999999999716e+01 4.111914000000000158e+01 6.204410000000000203e+00 5.834217999999999904e+01
2.560000000000000000e+03 4.160000000000000142e+01 4.086974000000000018e+01 1.051572999999999958e+01 5.863833000000000339e+01
2.569999999999999545e+03 4.164999999999999858e+01 4.081537000000000148e+01 1.201866000000000057e+01 5.926064999999999827e+01
2.580000000000000455e+03 4.170000000000000284e+01 4.070112999999999914e+01 1.438372999999999990e+01 5.986191999999999780e+01
2.590000000000000000e+03 4.175000000000000000e+01 4.073413999999999646e+01 1.462832000000000043e+01 6.061746999999999730e+01
2.599999999999999091e+03 4.179999999999999716e+01 4.083568999999999960e+01 1.388601000000000063e+01 6.128531999999999869e+01
2.610000000000000000e+03 4.185000000000000142e+01 4.108127000000000351e+01 1.106971000000000060e+01 6.197447999999999979e+01
2.619999999999999545e+03 4.189999999999999858e+01 4.138197000000000259e+01 7.459579999999999878e+00 6.237731000000000137e+01
2.630000000000000455e+03 4.195000000000000284e+01 4.099696000000000140e+01 1.372372999999999976e+01 6.284165000000000134e+01
2.640000000000000000e+03 4.200000000000000000e+01 4.115583000000000169e+01 1.215607999999999933e+01 6.343379000000000190e+01
2.649999999999999091e+03 4.204999999999999716e+01 4.152593000000000245e+01 7.546660000000000146e+00 6.385659000000000418e+01
2.660000000000000000e+03 4.210000000000000142e+01 4.164831999999999823e+01 6.504220000000000113e+00 6.414253999999999678e+01
2.669999999999999545e+03 4.214999999999999858e+01 4.205763000000000318e+01 1.330100000000000060e+00 6.439238000000000284e+01
2.680000000000000455e+03 4.220000000000000284e+01 4.185381000000000284e+01 4.985070000000000334e+00 6.459368000000000620e+01
2.690000000000000000e+03 4.225000000000000000e+01 4.204518000000000200e+01 2.949429999999999996e+00 6.478378000000000725e+01
2.699999999999999091e+03 4.229999999999999716e+01 4.187805000000000177e+01 6.076030000000000264e+00 6.492099000000000331e+01
2.710000000000000000e+03 4.235000000000000142e+01 4.207305000000000206e+01 3.988039999999999807e+00 6.520825999999999567e+01
2.719999999999999545e+03 4.239999999999999858e+01 4.198456999999999795e+01 5.982260000000000133e+00 6.555231000000000563e+01
2.730000000000000455e+03 4.245000000000000284e+01 4.211540999999999713e+01 4.818089999999999762e+00 6.581521000000000754e+01
2.740000000000000000e+03 4.250000000000000000e+01 4.216360000000000241e+01 4.844120000000000203e+00 6.610599000000000558e+01
2.749999999999999091e+03 4.254999999999999716e+01 4.219062000000000268e+01 5.175019999999999953e+00 6.642398000000000025e+01
2.760000000000000000e+03 4.260000000000000142e+01 4.232166999999999746e+01 4.007909999999999862e+00 6.667100999999999544e+01
2.769999999999999545e+03 4.264999999999999858e+01 4.230474000000000245e+01 4.971799999999999997e+00 6.685838999999999999e+01
2.780000000000000455e+03 4.270000000000000284e+01 4.242931000000000097e+01 3.897920000000000051e+00 6.713814999999999600e+01
2.790000000000000000e+03 4.275000000000000000e+01 4.231956000000000273e+01 6.198269999999999946e+00 6.748933999999999855e+01
2.799999999999999091e+03 4.279999999999999716e+01 4.256616000000000355e+01 3.367259999999999920e+00 6.770159999999999911e+01
2.810000000000000000e+03 4.285000000000000142e+01 4.256750000000000256e+01 4.067960000000000242e+00 6.783201999999999998e+01
2.819999999999999545e+03 4.289999999999999858e+01 4.249016999999999911e+01 5.901510000000000034e+00 6.808678000000000452e+01
2.830000000000000455e+03 4.295000000000000284e+01 4.254646999999999935e+01 5.810870000000000424e+00 6.840946999999999889e+01
2.840000000000000000e+03 4.300000000000000000e+01 4.243193999999999733e+01 8.180030000000000356e+00 6.880146000000000583e+01
2.849999999999999091e+03 4.304999999999999716e+01 4.246851000000000198e+01 8.373509999999999565e+00 6.924885000000000446e+01
2.860000000000000000e+03 4.310000000000000142e+01 4.264813999999999794e+01 6.506780000000000008e+00 6.962953000000000259e+01
2.869999999999999545e+03 4.314999999999999858e+01 4.284743000000000279e+01 4.356939999999999813e+00 6.995842000000000382e+01
2.880000000000000455e+03 4.320000000000000284e+01 4.293737000000000137e+01 3.781839999999999868e+00 7.018998000000000559e+01
2.890000000000000000e+03 4.325000000000000000e+01 4.273649999999999949e+01 7.394389999999999574e+00 7.042446999999999946e+01
2.899999999999999091e+03 4.329999999999999716e+01 4.285242000000000218e+01 6.445159999999999556e+00 7.079178000000000281e+01
2.910000000000000000e+03 4.335000000000000142e+01 4.282415999999999912e+01 7.572040000000000326e+00 7.117956000000000927e+01
2.919999999999999545e+03 4.339999999999999858e+01 4.293316999999999695e+01 6.722380000000000244e+00 7.151812000000001035e+01
2.930000000000000455e+03 4.345000000000000284e+01 4.264292999999999978e+01 1.162174000000000085e+01 7.190734000000000492e+01
2.940000000000000000e+03 4.350000000000000000e+01 4.294917000000000229e+01 7.931949999999999612e+00 7.240362999999999261e+01
2.949999999999999091e+03 4.354999999999999716e+01 4.280011999999999972e+01 1.079832999999999998e+01 7.283078000000000429e+01
2.960000000000000000e+03 4.360000000000000142e+01 4.310007000000000232e+01 7.198929999999999829e+00 7.323955000000000837e+01
2.969999999999999545e+03 4.364999999999999858e+01 4.291114999999999924e+01 1.063949999999999996e+01 7.366076000000001045e+01
2.980000000000000455e+03 4.370000000000000284e+01 4.270606000000000080e+01 1.431269999999999953e+01 7.423447000000000173e+01
2.990000000000000000e+03 4.375000000000000000e+01 4.310293999999999670e+01 9.317600000000000549e+00 7.475777999999999679e+01
2.999999999999999091e+03 4.379999999999999716e+01 4.292544999999999789e+01 1.259354000000000084e+01 7.475777999999999679e+01
3.010000000000000000e+03 4.385000000000000142e+01 4.309253999999999962e+01 1.090736000000000061e+01 7.524025999999999215e+01
3.019999999999999545e+03 4.389999999999999858e+01 4.313866999999999763e+01 1.096316999999999986e+01 7.578596999999999184e+01
3.030000000000000455e+03 4.395000000000000284e+01 4.361641000000000190e+01 4.803659999999999819e+00 7.624119999999999209e+01
3.040000000000000000e+03 4.400000000000000000e+01 4.370891999999999911e+01 4.191620000000000346e+00 7.650413000000000352e+01
3.049999999999999091e+03 4.404999999999999716e+01 4.378802999999999912e+01 3.772419999999999884e+00 7.664099999999999113e+01
3.060000000000000000e+03 4.410000000000000142e+01 4.376406000000000063e+01 4.837509999999999977e+00 7.689906999999999471e+01
3.069999999999999545e+03 4.414999999999999858e+01 4.342311000000000121e+01 1.046716999999999942e+01 7.730173999999999523e+01
3.080000000000000455e+03 4.420000000000000284e+01 4.384899000000000058e+01 5.054610000000000269e+00 7.771177000000000135e+01
3.090000000000000000e+03 4.425000000000000000e+01 4.413309999999999889e+01 1.683389999999999942e+00 7.791740999999998962e+01
3.099999999999999091e+03 4.429999999999999716e+01 4.417591999999999786e+01 1.786810000000000009e+00 7.791960999999999160e+01
3.110000000000000000e+03 4.435000000000000142e+01 4.402156000000000091e+01 4.729549999999999699e+00 7.811475999999998976e+01
3.119999999999999545e+03 4.439999999999999858e+01 4.413521000000000072e+01 3.813009999999999788e+00 7.841270000000000095e+01
3.130000000000000455e+03 4.445000000000000284e+01 4.396045999999999765e+01 7.049310000000000187e+00 7.869383999999999446e+01
3.140000000000000000e+03 4.450000000000000000e+01 4.393039999999999878e+01 8.202270000000000394e+00 7.902334999999999354e+01
3.149999999999999091e+03 4.454999999999999716e+01 4.418057999999999907e+01 5.319630000000000081e+00 7.932832999999999402e+01
3.160000000000000000e+03 4.460000000000000142e+01 4.391183999999999799e+01 9.909459999999999269e+00 7.979882999999999527e+01
3.169999999999999545e+03 4.464999999999999858e+01 4.403987999999999658e+01 8.785690000000000666e+00 8.033164999999999623e+01
3.180000000000000455e+03 4.470000000000000284e+01 4.401252999999999815e+01 9.899570000000000647e+00 8.072947999999999524e+01
3.190000000000000000e+03 4.475000000000000000e+01 4.434962999999999766e+01 5.765259999999999607e+00 8.103466000000000236e+01
3.199999999999999091e+03 4.479999999999999716e+01 4.430796999999999741e+01 7.085219999999999629e+00 8.132335999999999387e+01
3.210000000000000000e+03 4.485000000000000142e+01 4.430275999999999925e+01 7.880320000000000213e+00 8.160913999999999646e+01
3.219999999999999545e+03 4.489999999999999858e+01 4.449611000000000161e+01 5.815949999999999953e+00 8.187657000000000096e+01
3.230000000000000455e+03 4.495000000000000284e+01 4.474727000000000032e+01 2.919280000000000097e+00 8.203578999999999155e+01
3.240000000000000000e+03 4.500000000000000000e+01 4.494993000000000194e+01 7.209999999999999742e-01 8.211469999999999914e+01
3.249999999999999091e+03 4.504999999999999716e+01 4.485470999999999719e+01 2.812180000000000124e+00 8.213459999999999184e+01
3.260000000000000000e+03 4.510000000000000142e+01 4.487366999999999706e+01 3.259079999999999977e+00 8.235882999999999754e+01
3.269999999999999545e+03 4.514999999999999858e+01 4.478867000000000331e+01 5.203149999999999942e+00 8.258776000000000295e+01
3.280000000000000455e+03 4.520000000000000284e+01 4.519355000000000189e+01 9.284000000000000585e-02 8.274939999999999429e+01
3.290000000000000000e+03 4.525000000000000000e+01 4.530633000000000266e+01 -8.111899999999999666e-01 8.276510999999999285e+01
3.299999999999999091e+03 4.529999999999999716e+01 4.526859999999999928e+01 4.521899999999999809e-01 8.277825999999998885e+01
3.310000000000000000e+03 4.535000000000000142e+01 4.536285000000000167e+01 -1.849899999999999878e-01 8.277055999999998903e+01
3.319999999999999545e+03 4.539999999999999858e+01 4.530494000000000199e+01 1.368910000000000071e+00 8.277983000000000402e+01
3.330000000000000455e+03 4.545000000000000284e+01 4.528005999999999887e+01 2.447150000000000158e+00 8.291727999999999099e+01
3.340000000000000000e+03 4.550000000000000000e+01 4.528175999999999846e+01 3.142609999999999904e+00 8.314086000000000354e+01
3.349999999999999091e+03 4.554999999999999716e+01 4.528083000000000169e+01 3.876050000000000217e+00 8.328855000000000075e+01
3.360000000000000000e+03 4.560000000000000142e+01 4.542526000000000153e+01 2.516270000000000007e+00 8.341911999999999239e+01
3.369999999999999545e+03 4.564999999999999858e+01 4.533941999999999695e+01 4.472369999999999735e+00 8.357388999999999157e+01
3.380000000000000455e+03 4.570000000000000284e+01 4.550670999999999822e+01 2.783420000000000005e+00 8.367936999999999159e+01
3.390000000000000000e+03 4.575000000000000000e+01 4.564934000000000225e+01 1.449449999999999905e+00 8.380308999999999742e+01
3.399999999999999091e+03 4.579999999999999716e+01 4.574689999999999657e+01 7.646800000000000264e-01 8.391339999999999577e+01
3.410000000000000000e+03 4.585000000000000142e+01 4.587617999999999796e+01 -3.770200000000000218e-01 8.403436999999999557e+01
3.419999999999999545e+03 4.589999999999999858e+01 4.607569999999999766e+01 -2.530060000000000198e+00 8.402582999999999913e+01
3.430000000000000455e+03 4.595000000000000284e+01 4.589260999999999768e+01 8.264599999999999724e-01 8.405236999999999625e+01
3.440000000000000000e+03 4.600000000000000000e+01 4.620806000000000324e+01 -2.995999999999999996e+00 8.398649000000000342e+01
3.449999999999999091e+03 4.604999999999999716e+01 4.589817000000000036e+01 2.186389999999999834e+00 8.392609999999999104e+01
3.460000000000000000e+03 4.610000000000000142e+01 4.614305999999999841e+01 -6.200599999999999445e-01 8.402230000000000132e+01
3.469999999999999545e+03 4.614999999999999858e+01 4.627835999999999927e+01 -1.848340000000000094e+00 8.406999999999999318e+01
3.480000000000000455e+03 4.620000000000000284e+01 4.613976000000000255e+01 8.675199999999999578e-01 8.409323999999999444e+01
3.490000000000000000e+03 4.625000000000000000e+01 4.630317999999999756e+01 -7.657399999999999762e-01 8.412954999999999472e+01
3.499999999999999091e+03 4.629999999999999716e+01 4.634302000000000277e+01 -6.194399999999999906e-01 8.419553999999999405e+01
3.510000000000000000e+03 4.635000000000000142e+01 4.649287999999999954e+01 -2.057459999999999845e+00 8.415778999999999144e+01
3.519999999999999545e+03 4.639999999999999858e+01 4.628070000000000306e+01 1.717889999999999917e+00 8.406416999999999007e+01
3.530000000000000455e+03 4.645000000000000284e+01 4.609619000000000000e+01 5.094929999999999737e+00 8.415246999999999389e+01
3.540000000000000000e+03 4.650000000000000000e+01 4.573758000000000123e+01 1.097891000000000084e+01 8.449092999999999165e+01
3.549999999999999091e+03 4.654999999999999716e+01 4.604299999999999926e+01 7.300819999999999865e+00 8.484416999999999121e+01
3.560000000000000000e+03 4.660000000000000142e+01 4.620759000000000327e+01 5.650699999999999612e+00 8.511856999999999118e+01
3.569999999999999545e+03 4.664999999999999858e+01 4.641581000000000046e+01 3.372370000000000090e+00 8.537481999999999971e+01
3.580000000000000455e+03 4.670000000000000284e+01 4.624372000000000327e+01 6.570450000000000124e+00 8.561614000000000146e+01
3.590000000000000000e+03 4.675000000000000000e+01 4.663797999999999888e+01 1.613050000000000095e+00 8.588080999999999676e+01
3.599999999999999091e+03 4.679999999999999716e+01 4.681045999999999907e+01 -1.506800000000000084e-01 8.593237999999999488e+01
3.610000000000000000e+03 4.685000000000000142e+01 4.687183000000000277e+01 -3.143500000000000183e-01 8.589346000000000458e+01
3.619999999999999545e+03 4.689999999999999858e+01 4.680042000000000257e+01 1.433950000000000058e+00 8.591942999999999131e+01
3.630000000000000455e+03 4.695000000000000284e+01 4.682448000000000121e+01 1.807460000000000067e+00 8.608373000000000275e+01
3.640000000000000000e+03 4.700000000000000000e+01 4.688161000000000200e+01 1.704839999999999911e+00 8.623479000000000383e+01
3.649999999999999091e+03 4.704999999999999716e+01 4.716398999999999830e+01 -1.641480000000000050e+00 8.623895999999999162e+01
3.660000000000000000e+03 4.710000000000000142e+01 4.676393000000000200e+01 4.839369999999999727e+00 8.617255000000000109e+01
3.669999999999999545e+03 4.714999999999999858e+01 4.688197000000000259e+01 3.859560000000000102e+00 8.623102000000000089e+01
3.680000000000000455e+03 4.720000000000000284e+01 4.707231999999999772e+01 1.838610000000000078e+00 8.634063999999999339e+01
3.690000000000000000e+03 4.725000000000000000e+01 4.711558000000000135e+01 1.935650000000000093e+00 8.639162999999999215e+01
3.699999999999999091e+03 4.729999999999999716e+01 4.706873999999999825e+01 3.330210000000000115e+00 8.654663999999999646e+01
3.710000000000000000e+03 4.735000000000000142e+01 4.712792999999999921e+01 3.197869999999999990e+00 8.672948999999999842e+01
3.719999999999999545e+03 4.739999999999999858e+01 4.761430000000000007e+01 -3.085980000000000167e+00 8.669964000000000226e+01
3.730000000000000455e+03 4.745000000000000284e+01 4.731965999999999894e+01 1.876970000000000027e+00 8.674617999999999540e+01
3.740000000000000000e+03 4.750000000000000000e+01 4.720725000000000193e+01 4.215569999999999595e+00 8.692462999999999340e+01
3.749999999999999091e+03 4.754999999999999716e+01 4.729222000000000037e+01 3.712009999999999810e+00 8.712367000000000417e+01
3.760000000000000000e+03 4.760000000000000142e+01 4.729793000000000092e+01 4.349739999999999718e+00 8.730503000000000213e+01
3.769999999999999545e+03 4.764999999999999858e+01 4.756042999999999665e+01 1.289760000000000018e+00 8.733605000000000018e+01
3.780000000000000455e+03 4.770000000000000284e+01 4.768422999999999945e+01 2.270600000000000118e-01 8.732160999999999262e+01
3.790000000000000000e+03 4.775000000000000000e+01 4.773344999999999771e+01 2.382499999999999896e-01 8.736657999999999902e+01
3.799999999999999091e+03 4.779999999999999716e+01 4.791268000000000171e+01 -1.622579999999999911e+00 8.727427000000000135e+01
3.810000000000000000e+03 4.785000000000000142e+01 4.788732000000000255e+01 -5.374700000000000033e-01 8.720420999999998912e+01
3.819999999999999545e+03 4.789999999999999858e+01 4.797249000000000052e+01 -1.043879999999999919e+00 8.724849000000000387e+01
3.830000000000000455e+03 4.795000000000000284e+01 4.778936999999999813e+01 2.313120000000000065e+00 8.732028999999999996e+01
3.840000000000000000e+03 4.800000000000000000e+01 4.772619000000000256e+01 3.942849999999999966e+00 8.745179999999999154e+01
3.849999999999999091e+03 4.804999999999999716e+01 4.762160999999999689e+01 6.168750000000000178e+00 8.761766000000000076e+01
3.860000000000000000e+03 4.810000000000000142e+01 4.778276999999999930e+01 4.568120000000000402e+00 8.784058000000000277e+01
3.869999999999999545e+03 4.814999999999999858e+01 4.800520000000000209e+01 2.085049999999999848e+00 8.799056000000000211e+01
3.880000000000000455e+03 4.820000000000000284e+01 4.804491999999999763e+01 2.233119999999999994e+00 8.816629000000000360e+01
3.890000000000000000e+03 4.825000000000000000e+01 4.802837999999999852e+01 3.191310000000000091e+00 8.834395999999999560e+01
3.899999999999999091e+03 4.829999999999999716e+01 4.828126999999999924e+01 2.696600000000000108e-01 8.843744999999999834e+01
3.910000000000000000e+03 4.835000000000000142e+01 4.820089000000000112e+01 2.147250000000000103e+00 8.860845999999999378e+01
3.919999999999999545e+03 4.839999999999999858e+01 4.840411999999999892e+01 -5.936000000000000304e-02 8.862990999999999531e+01
3.930000000000000455e+03 4.845000000000000284e+01 4.831165000000000020e+01 1.992189999999999905e+00 8.862305999999999528e+01
3.940000000000000000e+03 4.850000000000000000e+01 4.817528999999999684e+01 4.675799999999999734e+00 8.869029000000000451e+01
3.949999999999999091e+03 4.854999999999999716e+01 4.843363000000000085e+01 1.675729999999999942e+00 8.890438000000000329e+01
3.960000000000000000e+03 4.860000000000000142e+01 4.874911999999999779e+01 -2.147349999999999870e+00 8.893072999999999695e+01
3.969999999999999545e+03 4.864999999999999858e+01 4.888846999999999809e+01 -3.434019999999999850e+00 8.878838999999999260e+01
3.980000000000000455e+03 4.870000000000000284e+01 4.863485000000000014e+01 9.381300000000000194e-01 8.878719999999999857e+01
3.990000000000000000e+03 4.875000000000000000e+01 4.875643000000000171e+01 -9.264000000000000012e-02 8.890322000000000457e+01
3.999999999999999091e+03 4.879999999999999716e+01 4.872560000000000002e+01 1.071299999999999919e+00 8.890322000000000457e+01
4.010000000000000000e+03 4.885000000000000142e+01 4.876194000000000273e+01 1.268000000000000016e+00 8.893415000000000248e+01
4.019999999999999545e+03 4.889999999999999858e+01 4.886538999999999788e+01 4.983400000000000052e-01 8.893923999999999808e+01
4.030000000000000455e+03 4.895000000000000284e+01 4.873174000000000206e+01 3.142939999999999845e+00 8.905507000000000062e+01
4.040000000000000000e+03 4.900000000000000000e+01 4.893099000000000132e+01 9.937300000000000022e-01 8.915722999999999843e+01
4.049999999999999091e+03 4.904999999999999716e+01 4.884308000000000050e+01 2.979600000000000026e+00 8.930977000000000032e+01
4.060000000000000000e+03 4.910000000000000142e+01 4.873913999999999902e+01 5.196399999999999686e+00 8.950093000000001098e+01
4.069999999999999545e+03 4.914999999999999858e+01 4.925348000000000326e+01 -1.490119999999999889e+00 8.959101000000001136e+01
4.080000000000000455e+03 4.920000000000000284e+01 4.885649000000000086e+01 4.946480000000000210e+00 8.963084000000000628e+01
4.090000000000000000e+03 4.925000000000000000e+01 4.884754000000000218e+01 5.795449999999999768e+00 8.983477000000000601e+01
4.099999999999999091e+03 4.929999999999999716e+01 4.874956999999999852e+01 7.926249999999999574e+00 9.013130000000001019e+01
4.110000000000000000e+03 4.935000000000000142e+01 4.912939999999999685e+01 3.176670000000000105e+00 9.042204000000000974e+01
4.119999999999999091e+03 4.939999999999999858e+01 4.932376000000000005e+01 1.097930000000000073e+00 9.056332000000000448e+01
4.130000000000000000e+03 4.945000000000000284e+01 4.942078000000000060e+01 4.208299999999999819e-01 9.064654000000000167e+01
4.140000000000000000e+03 4.950000000000000000e+01 4.969659999999999656e+01 -2.831100000000000172e+00 9.055277000000000953e+01
4.149999999999999091e+03 4.954999999999999716e+01 4.969941000000000031e+01 -2.151489999999999903e+00 9.033207000000000164e+01
4.160000000000000000e+03 4.960000000000000142e+01 4.960788999999999760e+01 -1.135499999999999982e-01 9.029440000000001021e+01
4.169999999999999091e+03 4.964999999999999858e+01 4.965532000000000323e+01 -7.664999999999999591e-02 9.029789999999999850e+01
4.180000000000000000e+03 4.970000000000000284e+01 4.960054000000000229e+01 1.432220000000000049e+00 9.030222000000000548e+01
4.190000000000000000e+03 4.975000000000000000e+01 4.996822000000000230e+01 -3.142310000000000159e+00 9.021993000000000507e+01
4.199999999999999091e+03 4.979999999999999716e+01 5.019001999999999697e+01 -5.616349999999999731e+00 8.989618000000000109e+01
4.210000000000000000e+03 4.985000000000000142e+01 4.980140999999999707e+01 6.996700000000000141e-01 8.971601000000001136e+01
4.219999999999999091e+03 4.989999999999999858e+01 4.988947999999999894e+01 1.514900000000000135e-01 8.972017999999999915e+01
4.230000000000000000e+03 4.995000000000000284e+01 4.986878999999999706e+01 1.169419999999999904e+00 8.988597000000000037e+01
4.240000000000000000e+03 5.000000000000000000e+01 4.987310999999999694e+01 1.827190000000000092e+00 8.998608000000000118e+01
4.249999999999999091e+03 5.004999999999999716e+01 4.990017999999999887e+01 2.157410000000000050e+00 9.007796000000000447e+01
4.260000000000000000e+03 5.010000000000000142e+01 4.983176000000000272e+01 3.862709999999999866e+00 9.028880999999999801e+01
4.269999999999999091e+03 5.014999999999999858e+01 5.011825000000000330e+01 4.572599999999999998e-01 9.048239000000000942e+01
4.280000000000000000e+03 5.020000000000000284e+01 4.989607000000000170e+01 4.376590000000000202e+00 9.059417000000000542e+01
4.290000000000000000e+03 5.025000000000000000e+01 5.017678999999999689e+01 1.054270000000000040e+00 9.073293000000001030e+01
4.299999999999999091e+03 5.029999999999999716e+01 5.028114000000000061e+01 2.716199999999999726e-01 9.079039000000000215e+01
4.310000000000000000e+03 5.035000000000000142e+01 5.053027000000000157e+01 -2.595909999999999940e+00 9.069907000000000608e+01
4.319999999999999091e+03 5.039999999999999858e+01 5.004626999999999981e+01 5.093650000000000233e+00 9.077830000000000155e+01
4.330000000000000000e+03 5.045000000000000284e+01 5.013756999999999664e+01 4.499060000000000059e+00 9.101039000000000101e+01
4.340000000000000000e+03 5.050000000000000000e+01 5.038006000000000029e+01 1.727190000000000003e+00 9.113689000000000817e+01
4.349999999999999091e+03 5.054999999999999716e+01 5.065650999999999726e+01 -1.533740000000000103e+00 9.110774000000000683e+01
4.360000000000000000e+03 5.060000000000000142e+01 5.059859999999999758e+01 2.016000000000000084e-02 9.111084000000001026e+01
4.369999999999999091e+03 5.064999999999999858e+01 5.051158999999999821e+01 1.993170000000000108e+00 9.118352000000000146e+01
4.380000000000000000e+03 5.070000000000000284e+01 5.056683000000000305e+01 1.917580000000000062e+00 9.125502000000000180e+01
4.390000000000000000e+03 5.075000000000000000e+01 5.092101000000000255e+01 -2.462600000000000122e+00 9.139630999999999972e+01
4.399999999999999091e+03 5.079999999999999716e+01 5.087588999999999828e+01 -1.092819999999999903e+00 9.138645999999999958e+01
4.410000000000000000e+03 5.085000000000000142e+01 5.108252000000000237e+01 -3.348310000000000120e+00 9.125428000000000850e+01
4.419999999999999091e+03 5.089999999999999858e+01 5.076187999999999789e+01 1.988879999999999981e+00 9.130480000000000018e+01
4.430000000000000000e+03 5.095000000000000284e+01 5.103708000000000311e+01 -1.253929999999999989e+00 9.138258000000000436e+01
4.440000000000000000e+03 5.100000000000000000e+01 5.088044000000000011e+01 1.721600000000000019e+00 9.149363000000001023e+01
4.449999999999999091e+03 5.104999999999999716e+01 5.091134999999999877e+01 1.996559999999999890e+00 9.164028000000000418e+01
4.460000000000000000e+03 5.110000000000000142e+01 5.112991000000000241e+01 -4.307400000000000118e-01 9.166976999999999975e+01
4.469999999999999091e+03 5.114999999999999858e+01 5.160688999999999993e+01 -6.579229999999999912e+00 9.151551000000000613e+01
4.480000000000000000e+03 5.120000000000000284e+01 5.124568000000000012e+01 -6.577300000000000368e-01 9.136447000000001140e+01
4.490000000000000000e+03 5.125000000000000000e+01 5.137196999999999747e+01 -1.756410000000000027e+00 9.139034999999999798e+01
4.499999999999999091e+03 5.129999999999999716e+01 5.124795000000000300e+01 7.495500000000000496e-01 9.138697000000000514e+01
4.510000000000000000e+03 5.135000000000000142e+01 5.138282000000000238e+01 -4.726600000000000246e-01 9.138899000000000683e+01
4.519999999999999091e+03 5.139999999999999858e+01 5.128493000000000279e+01 1.656989999999999963e+00 9.146687000000000012e+01
4.530000000000000000e+03 5.145000000000000284e+01 5.122668999999999784e+01 3.215689999999999937e+00 9.163575000000000159e+01
4.540000000000000000e+03 5.150000000000000000e+01 5.153811000000000320e+01 -5.487300000000000511e-01 9.164735000000000298e+01
4.549999999999999091e+03 5.154999999999999716e+01 5.142737000000000336e+01 1.765919999999999934e+00 9.169114000000000431e+01
4.560000000000000000e+03 5.160000000000000142e+01 5.136254999999999882e+01 3.419340000000000046e+00 9.169971000000001027e+01
4.569999999999999091e+03 5.164999999999999858e+01 5.157356999999999658e+01 1.100540000000000074e+00 9.183580000000000609e+01
4.580000000000000000e+03 5.170000000000000284e+01 5.186019999999999897e+01 -2.306820000000000093e+00 9.192974999999999852e+01
4.590000000000000000e+03 5.175000000000000000e+01 5.129959999999999809e+01 6.485730000000000217e+00 9.216302000000000305e+01
4.599999999999999091e+03 5.179999999999999716e+01 5.140097999999999701e+01 5.745840000000000281e+00 9.253773999999999944e+01
4.610000000000000000e+03 5.185000000000000142e+01 5.154930999999999841e+01 4.330000000000000071e+00 9.288739000000001056e+01
4.619999999999999091e+03 5.189999999999999858e+01 5.172269000000000005e+01 2.553230000000000111e+00 9.308628000000000213e+01
4.630000000000000000e+03 5.195000000000000284e+01 5.197934000000000054e+01 -4.224899999999999767e-01 9.309633000000000891e+01
4.640000000000000000e+03 5.200000000000000000e+01 5.201574000000000098e+01 -2.266100000000000059e-01 9.320270000000000721e+01
4.649999999999999091e+03 5.204999999999999716e+01 5.202550000000000097e+01 3.527299999999999880e-01 9.331206000000000245e+01
4.660000000000000000e+03 5.210000000000000142e+01 5.215422000000000224e+01 -7.808300000000000241e-01 9.334163999999999817e+01
4.669999999999999091e+03 5.214999999999999858e+01 5.217441999999999780e+01 -3.516000000000000236e-01 9.340569000000000699e+01
4.680000000000000000e+03 5.220000000000000284e+01 5.214797999999999689e+01 7.491200000000000081e-01 9.349368000000001189e+01
4.690000000000000000e+03 5.225000000000000000e+01 5.213100000000000023e+01 1.713659999999999961e+00 9.353809000000001106e+01
4.699999999999999091e+03 5.229999999999999716e+01 5.235246999999999673e+01 -7.556199999999999584e-01 9.356540000000001100e+01
4.710000000000000000e+03 5.235000000000000142e+01 5.237093000000000131e+01 -3.014100000000000112e-01 9.353704000000000462e+01
4.719999999999999091e+03 5.239999999999999858e+01 5.236298000000000030e+01 5.330700000000000438e-01 9.353947999999999752e+01
4.730000000000000000e+03 5.245000000000000284e+01 5.268115999999999843e+01 -3.328759999999999941e+00 9.340147000000000332e+01
4.740000000000000000e+03 5.250000000000000000e+01 5.272840000000000060e+01 -3.288980000000000015e+00 9.322644999999999982e+01
4.749999999999999091e+03 5.254999999999999716e+01 5.253587000000000273e+01 2.035200000000000065e-01 9.313786000000000342e+01
4.760000000000000000e+03 5.260000000000000142e+01 5.262053999999999832e+01 -2.957500000000000129e-01 9.306555000000000177e+01
4.769999999999999091e+03 5.264999999999999858e+01 5.271365999999999730e+01 -9.166800000000000503e-01 9.308769999999999811e+01
4.780000000000000000e+03 5.270000000000000284e+01 5.295924000000000120e+01 -3.733000000000000096e+00 9.294680000000001030e+01
4.790000000000000000e+03 5.275000000000000000e+01 5.274040999999999713e+01 1.380300000000000138e-01 9.284951999999999828e+01
4.799999999999999091e+03 5.279999999999999716e+01 5.305807000000000073e+01 -3.716209999999999791e+00 9.276574000000000808e+01
4.810000000000000000e+03 5.285000000000000142e+01 5.313020000000000209e+01 -4.034860000000000113e+00 9.257180999999999926e+01
4.819999999999999091e+03 5.289999999999999858e+01 5.275889999999999702e+01 2.031829999999999803e+00 9.253645000000000209e+01
4.830000000000000000e+03 5.295000000000000284e+01 5.292755999999999972e+01 3.230999999999999983e-01 9.254749000000001047e+01
4.840000000000000000e+03 5.300000000000000000e+01 5.288911999999999836e+01 1.596670000000000034e+00 9.255931000000001063e+01
4.849999999999999091e+03 5.304999999999999716e+01 5.333449000000000240e+01 -4.096669999999999590e+00 9.248998000000000275e+01
4.860000000000000000e+03 5.310000000000000142e+01 5.327459999999999951e+01 -2.514279999999999848e+00 9.235482000000000369e+01
4.869999999999999091e+03 5.314999999999999858e+01 5.338893999999999807e+01 -3.440700000000000092e+00 9.226496000000000208e+01
4.880000000000000000e+03 5.320000000000000284e+01 5.289544999999999675e+01 4.385550000000000281e+00 9.237912000000000035e+01
4.890000000000000000e+03 5.325000000000000000e+01 5.294012000000000029e+01 4.462279999999999802e+00 9.260375000000000512e+01
4.899999999999999091e+03 5.329999999999999716e+01 5.290178999999999832e+01 5.734160000000000146e+00 9.284163000000000920e+01
4.910000000000000000e+03 5.335000000000000142e+01 5.330767999999999773e+01 6.094699999999999562e-01 9.305337000000000103e+01
4.919999999999999091e+03 5.339999999999999858e+01 5.307818999999999932e+01 4.634000000000000341e+00 9.316348000000000695e+01
4.930000000000000000e+03 5.345000000000000284e+01 5.325576000000000221e+01 2.797120000000000051e+00 9.334199999999999875e+01
4.940000000000000000e+03 5.350000000000000000e+01 5.334557000000000215e+01 2.223819999999999908e+00 9.341577000000000908e+01
4.949999999999999091e+03 5.354999999999999716e+01 5.339851999999999776e+01 2.181340000000000057e+00 9.357668000000001030e+01
4.960000000000000000e+03 5.360000000000000142e+01 5.360663000000000267e+01 -9.550999999999999768e-02 9.366056000000000381e+01
4.969999999999999091e+03 5.364999999999999858e+01 5.335952000000000339e+01 4.182890000000000441e+00 9.382614999999999839e+01
4.980000000000000000e+03 5.370000000000000284e+01 5.380745000000000289e+01 -1.547299999999999898e+00 9.395698000000000150e+01
4.990000000000000000e+03 5.375000000000000000e+01 5.358993999999999858e+01 2.304920000000000080e+00 9.399696000000000140e+01
4.999999999999999091e+03 5.379999999999999716e+01 5.361692000000000036e+01 2.636359999999999815e+00 9.399696000000000140e+01
5.010000000000000000e+03 5.385000000000000142e+01 5.337445999999999913e+01 6.847780000000000200e+00 9.414752000000000010e+01
5.019999999999999091e+03 5.389999999999999858e+01 5.352024000000000115e+01 5.468600000000000350e+00 9.453446999999999889e+01
5.030000000000000000e+03 5.395000000000000284e+01 5.373781000000000319e+01 3.055470000000000130e+00 9.482384000000000412e+01
5.040000000000000000e+03 5.400000000000000000e+01 5.334649999999999892e+01 9.410470000000000113e+00 9.506641000000000474e+01
5.049999999999999091e+03 5.404999999999999716e+01 5.395125999999999777e+01 1.421859999999999902e+00 9.545364999999999611e+01
5.060000000000000000e+03 5.410000000000000142e+01 5.407450000000000045e+01 3.672500000000000209e-01 9.553701999999999828e+01
5.069999999999999091e+03 5.414999999999999858e+01 5.425533000000000072e+01 -1.516809999999999992e+00 9.545519000000000176e+01
5.080000000000000000e+03 5.420000000000000284e+01 5.407334999999999781e+01 1.823779999999999957e+00 9.555450000000000443e+01
5.090000000000000000e+03 5.425000000000000000e+01 5.387669000000000352e+01 5.375619999999999621e+00 9.579274999999999807e+01
5.099999999999999091e+03 5.429999999999999716e+01 5.391969999999999885e+01 5.476320000000000299e+00 9.612948000000000093e+01
5.110000000000000000e+03 5.435000000000000142e+01 5.410835000000000150e+01 3.479719999999999924e+00 9.634704000000000690e+01
5.119999999999999091e+03 5.439999999999999858e+01 5.412194999999999823e+01 4.003860000000000419e+00 9.645660999999999774e+01
5.130000000000000000e+03 5.445000000000000284e+01 5.430563999999999680e+01 2.078720000000000123e+00 9.666438999999999737e+01
5.140000000000000000e+03 5.450000000000000000e+01 5.423776000000000153e+01 3.776310000000000056e+00 9.688472000000000151e+01
5.149999999999999091e+03 5.454999999999999716e+01 5.432900000000000063e+01 3.182389999999999830e+00 9.700677000000000305e+01
5.160000000000000000e+03 5.460000000000000142e+01 5.461395999999999873e+01 -2.010899999999999910e-01 9.698451000000000022e+01
5.169999999999999091e+03 5.464999999999999858e+01 5.466206999999999994e+01 -1.738300000000000123e-01 9.686068000000000211e+01
5.180000000000000000e+03 5.470000000000000284e+01 5.443184000000000111e+01 3.861530000000000129e+00 9.684993000000000052e+01
5.190000000000000000e+03 5.475000000000000000e+01 5.447995000000000232e+01 3.888729999999999798e+00 9.707487000000000421e+01
5.199999999999999091e+03 5.479999999999999716e+01 5.452660999999999802e+01 3.936749999999999972e+00 9.730107999999999890e+01
5.210000000000000000e+03 5.485000000000000142e+01 5.476185000000000258e+01 1.269320000000000004e+00 9.741714000000000340e+01
5.219999999999999091e+03 5.489999999999999858e+01 5.489858000000000260e+01 2.051000000000000045e-02 9.739775000000000205e+01
5.230000000000000000e+03 5.495000000000000284e+01 5.487870999999999810e+01 1.026580000000000048e+00 9.741103999999999985e+01
